0 0.33984375 0.03125 0.087890625 0.0625
0 0.29833984375 0.09765625 0.0888671875 0.12239583333333331
0 0.26025390625 0.23046875 0.1005859375 0.11197916666666666
0 0.224609375 0.3977864583333333 0.126953125 0.24869791666666663
0 0.11376953125 0.8326822916666667 0.2275390625 0.33463541666666663
0 0.6806640625 0.052734375 0.11328125 0.10546875
0 0.7119140625 0.17057291666666666 0.1171875 0.140625
0 0.7548828125 0.3483072916666667 0.14453125 0.21744791666666666
0 0.8359375 0.6555989583333334 0.18359375 0.30078125
0 0.9130859375 0.951171875 0.173828125 0.09765625
0 0.978515625 0.06380208333333333 0.04296875 0.09895833333333333
1 0.49609375 0.4283854166666667 0.017578125 0.0234375
1 0.54345703125 0.6165364583333333 0.0244140625 0.04557291666666663
1 0.02392578125 0.5559895833333333 0.0263671875 0.02864583333333337
1 0.05322265625 0.09114583333333334 0.0361328125 0.03385416666666667
1 0.1962890625 0.123046875 0.0234375 0.05338541666666667
1 0.17333984375 0.15169270833333331 0.0126953125 0.024739583333333343
1 0.908203125 0.07877604166666667 0.048828125 0.06901041666666666
1 0.541015625 0.8274739583333333 0.01171875 0.01692708333333337
1 0.62353515625 0.8828125 0.0166015625 0.0390625
1 0.587890625 0.9069010416666667 0.01171875 0.02473958333333337
1 0.6552734375 0.9856770833333333 0.03515625 0.02864583333333337
1 0.7900390625 0.90625 0.013671875 0.05208333333333326
1 0.97265625 0.8528645833333334 0.05078125 0.0703125
