0 0.45458984375 0.21614583333333331 0.0537109375 0.10156249999999997
0 0.45849609375 0.6510416666666666 0.0458984375 0.078125
1 0.45556640625 0.5110677083333334 0.0595703125 0.06380208333333331
1 0.51220703125 0.505859375 0.0810546875 0.12630208333333331
1 0.47998046875 0.5852864583333333 0.0400390625 0.07682291666666663
1 0.59521484375 0.810546875 0.0556640625 0.06640625
1 0.8154296875 0.9921875 0.0390625 0.015625
1 0.89306640625 0.5143229166666667 0.0869140625 0.13020833333333337
1 0.89794921875 0.341796875 0.0322265625 0.04296875
1 0.9658203125 0.37890625 0.0234375 0.03645833333333337
1 0.79931640625 0.013020833333333334 0.0283203125 0.026041666666666668
1 0.3310546875 0.2265625 0.025390625 0.036458333333333315
1 0.470703125 0.310546875 0.0234375 0.03255208333333337
1 0.42822265625 0.10416666666666667 0.0419921875 0.05989583333333334
1 0.0107421875 0.224609375 0.021484375 0.029947916666666685
1 0.67919921875 0.17252604166666669 0.0322265625 0.04557291666666666
