0 0.537109375 0.8111979166666667 0.205078125 0.37760416666666663
0 0.51220703125 0.2662760416666667 0.0927734375 0.23828125000000003
0 0.525390625 0.033203125 0.115234375 0.06640625
0 0.03369140625 0.030598958333333332 0.0673828125 0.061197916666666664
1 0.2958984375 0.3951822916666667 0.02734375 0.06640625
1 0.57958984375 0.45572916666666663 0.0283203125 0.07552083333333331
1 0.78076171875 0.17122395833333334 0.0576171875 0.09765625000000001
1 0.9296875 0.66796875 0.041015625 0.0859375
1 0.89892578125 0.8216145833333333 0.0361328125 0.09635416666666663
1 0.994140625 0.8802083333333333 0.01171875 0.03385416666666663
1 0.72265625 0.8509114583333333 0.02734375 0.03776041666666663
1 0.76416015625 0.7701822916666667 0.0322265625 0.06901041666666663
1 0.755859375 0.9791666666666667 0.025390625 0.02864583333333337
1 0.44482421875 0.5078125 0.0439453125 0.06510416666666669
1 0.48486328125 0.46028645833333337 0.0185546875 0.032552083333333315
1 0.47998046875 0.38151041666666663 0.0478515625 0.08333333333333331
1 0.3037109375 0.7200520833333333 0.048828125 0.05989583333333337
1 0.28076171875 0.91015625 0.0419921875 0.0703125
1 0.08837890625 0.9134114583333333 0.0791015625 0.11848958333333337
1 0.0517578125 0.6966145833333333 0.048828125 0.05989583333333337
1 0.091796875 0.5865885416666666 0.05078125 0.08984375
1 0.0732421875 0.4537760416666667 0.0390625 0.04296875
1 0.21435546875 0.35677083333333337 0.0185546875 0.028645833333333315
1 0.1904296875 0.23958333333333331 0.041015625 0.07552083333333334
1 0.14013671875 0.2526041666666667 0.0498046875 0.07031250000000003
1 0.2021484375 0.087890625 0.037109375 0.04036458333333334
1 0.33154296875 0.07421875 0.0302734375 0.059895833333333336
1 0.43212890625 0.13216145833333334 0.0341796875 0.050781250000000014
1 0.177734375 0.03190104166666667 0.03125 0.048177083333333336
