1 0.37353515625 0.9720052083333333 0.0556640625 0.04817708333333337
1 0.384765625 0.8118489583333333 0.0234375 0.03776041666666663
1 0.3935546875 0.7623697916666666 0.0234375 0.02734375
1 0.52294921875 0.7415364583333333 0.0322265625 0.05598958333333337
0 0.1953125 0.16015625 0.03125 0.078125
0 0.14453125 0.41796875 0.0390625 0.0625
0 0.0244140625 0.77734375 0.041015625 0.0703125
1 0.33056640625 0.5559895833333333 0.0166015625 0.02083333333333337
1 0.365234375 0.63671875 0.009765625 0.01302083333333326
1 0.55810546875 0.4889322916666667 0.0146484375 0.02473958333333337
0 0.77001953125 0.3294270833333333 0.0166015625 0.046875
1 0.84716796875 0.154296875 0.0166015625 0.02734375
0 0.8203125 0.7337239583333333 0.033203125 0.06380208333333337
2 0.71826171875 0.10807291666666667 0.0361328125 0.05208333333333334
2 0.23681640625 0.025390625 0.0751953125 0.04817708333333333
