0 0.47412109375 0.814453125 0.0634765625 0.09765625
0 0.4814453125 0.32421875 0.044921875 0.10677083333333337
1 0.2861328125 0.42838541666666663 0.091796875 0.22135416666666669
1 0.41845703125 0.328125 0.0166015625 0.0234375
1 0.7197265625 0.7330729166666667 0.07421875 0.09114583333333337
1 0.6669921875 0.8834635416666667 0.041015625 0.04036458333333337
1 0.72314453125 0.96875 0.0537109375 0.0625
1 0.05126953125 0.9095052083333333 0.1025390625 0.18098958333333337
1 0.03369140625 0.6243489583333334 0.0673828125 0.13671875
1 0.05078125 0.146484375 0.083984375 0.12630208333333331
1 0.11962890625 0.11328125 0.0361328125 0.0546875
1 0.21923828125 0.06640625 0.1142578125 0.1328125
1 0.345703125 0.052734375 0.078125 0.10546875
