0 0.5673828125 0.37239583333333337 0.041015625 0.08854166666666669
0 0.55810546875 0.9029947916666667 0.0576171875 0.12630208333333337
1 0.6396484375 0.13541666666666669 0.03125 0.05208333333333334
1 0.38232421875 0.443359375 0.0322265625 0.05598958333333337
1 0.34033203125 0.58203125 0.0810546875 0.15104166666666674
1 0.29345703125 0.9309895833333333 0.0302734375 0.04947916666666663
1 0.11865234375 0.8919270833333333 0.0361328125 0.04947916666666663
1 0.0126953125 0.5859375 0.025390625 0.0703125
1 0.9453125 0.3984375 0.025390625 0.03645833333333337
1 0.90234375 0.451171875 0.03515625 0.05598958333333337
1 0.43701171875 0.7096354166666667 0.0283203125 0.04166666666666663
1 0.42236328125 0.8385416666666667 0.0283203125 0.04166666666666663
