0 0.49609375 0.15364583333333331 0.20703125 0.3046875
0 0.52685546875 0.591796875 0.2490234375 0.5221354166666667
1 0.17333984375 0.8079427083333333 0.0810546875 0.11848958333333337
1 0.85498046875 0.6282552083333334 0.1611328125 0.3763020833333333
1 0.75537109375 0.8346354166666667 0.0556640625 0.09895833333333337
1 0.92431640625 0.84765625 0.0341796875 0.04427083333333326
1 0.78515625 0.3587239583333333 0.037109375 0.08203125
1 0.8759765625 0.17578125 0.044921875 0.049479166666666685
1 0.8701171875 0.051432291666666664 0.056640625 0.05338541666666667
1 0.66064453125 0.2682291666666667 0.0908203125 0.11718750000000003
1 0.1845703125 0.018229166666666668 0.07421875 0.036458333333333336
1 0.17578125 0.20572916666666666 0.03125 0.0390625
1 0.14892578125 0.283203125 0.0283203125 0.05338541666666663
