0 0.51806640625 0.47526041666666663 0.0361328125 0.06510416666666669
0 0.5126953125 0.12434895833333334 0.044921875 0.09765625000000001
0 0.51953125 0.966796875 0.04296875 0.06640625
1 0.7802734375 0.8157552083333333 0.029296875 0.04557291666666663
1 0.7978515625 0.576171875 0.09375 0.08203125
1 0.27880859375 0.06640625 0.0458984375 0.046875
1 0.41552734375 0.21028645833333331 0.0166015625 0.029947916666666657
1 0.3173828125 0.5709635416666667 0.02734375 0.04557291666666663
1 0.2978515625 0.7447916666666667 0.025390625 0.03645833333333337
1 0.16064453125 0.7024739583333334 0.0263671875 0.05859375
1 0.369140625 0.48828125 0.037109375 0.028645833333333315
