0 0.48779296875 0.04296875 0.1533203125 0.0859375
0 0.50439453125 0.3125 0.2333984375 0.33854166666666663
0 0.50244140625 0.7135416666666666 0.2255859375 0.4140625
1 0.05859375 0.6282552083333333 0.064453125 0.11588541666666663
1 0.099609375 0.470703125 0.03515625 0.04557291666666663
1 0.298828125 0.4296875 0.046875 0.06770833333333337
1 0.31982421875 0.326171875 0.0205078125 0.04296875
1 0.021484375 0.10481770833333333 0.04296875 0.18619791666666666
1 0.28271484375 0.583984375 0.0341796875 0.05338541666666674
1 0.34765625 0.59375 0.056640625 0.0546875
1 0.83740234375 0.435546875 0.0224609375 0.06640625
1 0.79443359375 0.20703125 0.0888671875 0.15104166666666666
1 0.77783203125 0.060546875 0.0595703125 0.09505208333333334
1 0.6484375 0.23307291666666666 0.033203125 0.07552083333333331
