0 0.47314453125 0.18424479166666666 0.2041015625 0.3294270833333333
0 0.490234375 0.6686197916666666 0.1796875 0.25390625
0 0.97119140625 0.049479166666666664 0.0576171875 0.09895833333333333
1 0.77587890625 0.059895833333333336 0.1044921875 0.11197916666666667
1 0.931640625 0.32161458333333337 0.13671875 0.3151041666666667
1 0.65283203125 0.2630208333333333 0.0634765625 0.13020833333333334
1 0.79833984375 0.525390625 0.1201171875 0.25390625
1 0.76611328125 0.779296875 0.0947265625 0.21223958333333326
1 0.94384765625 0.8990885416666667 0.1123046875 0.20182291666666663
1 0.62841796875 0.9055989583333333 0.0458984375 0.13411458333333337
1 0.75146484375 0.9713541666666667 0.0419921875 0.05729166666666663
1 0.484375 0.9049479166666667 0.072265625 0.15885416666666663
1 0.357421875 0.8658854166666667 0.140625 0.11197916666666663
1 0.10888671875 0.9453125 0.1591796875 0.109375
1 0.1484375 0.6529947916666667 0.13671875 0.17317708333333337
1 0.17236328125 0.78125 0.0458984375 0.09114583333333326
1 0.01806640625 0.595703125 0.0361328125 0.04817708333333326
1 0.15234375 0.4609375 0.1015625 0.1875
1 0.35205078125 0.5436197916666666 0.0595703125 0.06640625
1 0.34765625 0.34309895833333337 0.11328125 0.14713541666666669
1 0.0947265625 0.30924479166666663 0.130859375 0.09244791666666669
1 0.11474609375 0.189453125 0.1162109375 0.17317708333333337
1 0.1435546875 0.0390625 0.04296875 0.078125
1 0.7724609375 0.21940104166666669 0.115234375 0.13932291666666666
1 0.6806640625 0.3984375 0.037109375 0.078125
1 0.34423828125 0.623046875 0.0556640625 0.05859375
1 0.359375 0.447265625 0.03125 0.05859375
1 0.4189453125 0.474609375 0.025390625 0.04817708333333337
1 0.4677734375 0.5130208333333333 0.05078125 0.05729166666666663
1 0.4423828125 0.39973958333333337 0.052734375 0.057291666666666685
1 0.5146484375 0.4173177083333333 0.064453125 0.10546875
1 0.53955078125 0.9700520833333333 0.0419921875 0.05989583333333337
1 0.4091796875 0.9401041666666667 0.0234375 0.04947916666666663
1 0.3349609375 0.9791666666666667 0.044921875 0.04166666666666663
1 0.2255859375 0.8919270833333333 0.0625 0.12760416666666663
1 0.1142578125 0.8274739583333333 0.060546875 0.06119791666666663
1 0.03955078125 0.8600260416666667 0.0673828125 0.06119791666666663
1 0.03857421875 0.431640625 0.0322265625 0.04817708333333337
1 0.072265625 0.6595052083333334 0.05078125 0.19921875
1 0.0966796875 0.022135416666666668 0.03125 0.044270833333333336
1 0.6005859375 0.15690104166666666 0.033203125 0.08203124999999999
1 0.8505859375 0.0234375 0.029296875 0.046875
1 0.921875 0.025390625 0.04296875 0.05078125
