0 0.51123046875 0.06966145833333333 0.1787109375 0.13932291666666666
0 0.50439453125 0.3704427083333333 0.2255859375 0.43098958333333337
0 0.51025390625 0.8470052083333333 0.2431640625 0.30598958333333337
1 0.65869140625 0.9309895833333333 0.0537109375 0.11979166666666663
1 0.85986328125 0.9654947916666667 0.0810546875 0.06901041666666663
1 0.8154296875 0.5442708333333334 0.234375 0.7083333333333334
1 0.646484375 0.34830729166666663 0.025390625 0.061197916666666685
1 0.7373046875 0.036458333333333336 0.05078125 0.07291666666666667
1 0.857421875 0.025390625 0.0625 0.05078125
1 0.9453125 0.10872395833333334 0.0625 0.050781250000000014
1 0.1865234375 0.3763020833333333 0.12890625 0.29427083333333337
1 0.10205078125 0.17903645833333334 0.0634765625 0.06640625
1 0.06298828125 0.26236979166666663 0.0751953125 0.06380208333333331
1 0.02685546875 0.3391927083333333 0.0498046875 0.04296875
1 0.0830078125 0.06770833333333334 0.037109375 0.05729166666666667
1 0.1435546875 0.033203125 0.02734375 0.06640625
1 0.0078125 0.03515625 0.015625 0.0703125
1 0.16650390625 0.8209635416666666 0.1142578125 0.23046875
1 0.0966796875 0.7057291666666667 0.015625 0.02604166666666663
1 0.05615234375 0.779296875 0.0146484375 0.02213541666666674
1 0.06884765625 0.826171875 0.0146484375 0.01692708333333326
1 0.01025390625 0.8216145833333333 0.0126953125 0.02604166666666663
1 0.052734375 0.9407552083333333 0.103515625 0.09505208333333337
1 0.7548828125 0.9869791666666667 0.04296875 0.02604166666666663
1 0.70263671875 0.16927083333333334 0.0146484375 0.0234375
