0 0.43505859375 0.15885416666666666 0.2099609375 0.3177083333333333
0 0.44384765625 0.619140625 0.2275390625 0.4986979166666667
0 0.4716796875 0.9850260416666667 0.158203125 0.02994791666666663
0 0.98583984375 0.0234375 0.0283203125 0.046875
1 0.03369140625 0.13997395833333331 0.0673828125 0.13151041666666666
1 0.02783203125 0.25390625 0.0556640625 0.046875
1 0.05419921875 0.5813802083333334 0.1083984375 0.21223958333333331
1 0.14892578125 0.44921875 0.0712890625 0.07552083333333337
1 0.19775390625 0.521484375 0.0537109375 0.07421875
1 0.13232421875 0.556640625 0.0439453125 0.11328125
1 0.16455078125 0.7135416666666666 0.0302734375 0.0390625
1 0.08544921875 0.35677083333333337 0.0439453125 0.08854166666666669
1 0.13916015625 0.279296875 0.0302734375 0.05338541666666663
1 0.03515625 0.7721354166666667 0.0703125 0.16666666666666663
1 0.03125 0.9440104166666667 0.025390625 0.03645833333333337
1 0.572265625 0.380859375 0.080078125 0.20442708333333337
1 0.6513671875 0.44921875 0.056640625 0.09375
1 0.68896484375 0.5299479166666666 0.0263671875 0.07291666666666669
1 0.65478515625 0.640625 0.0810546875 0.11979166666666674
1 0.7109375 0.8548177083333334 0.0546875 0.07421875
1 0.81884765625 0.703125 0.0556640625 0.08333333333333326
1 0.8720703125 0.6399739583333334 0.03515625 0.05859375
1 0.9443359375 0.9368489583333334 0.05078125 0.06640625
1 0.736328125 0.06510416666666667 0.033203125 0.04687500000000001
