0 0.5244140625 0.041666666666666664 0.154296875 0.08333333333333333
0 0.984375 0.08658854166666667 0.03125 0.13411458333333334
0 0.52880859375 0.30078125 0.1669921875 0.31770833333333337
0 0.5009765625 0.828125 0.208984375 0.34375
0 0.03125 0.034505208333333336 0.0625 0.06901041666666667
1 0.3623046875 0.049479166666666664 0.021484375 0.02864583333333333
1 0.828125 0.509765625 0.029296875 0.029947916666666685
1 0.82080078125 0.44205729166666663 0.0185546875 0.048177083333333315
1 0.767578125 0.30403645833333337 0.021484375 0.045572916666666685
1 0.78857421875 0.2109375 0.0302734375 0.06770833333333331
1 0.67724609375 0.208984375 0.0224609375 0.06380208333333331
