0 0.52685546875 0.3033854166666667 0.0400390625 0.0859375
0 0.5048828125 0.6549479166666666 0.046875 0.09375
1 0.357421875 0.38346354166666663 0.10546875 0.14192708333333331
1 0.2529296875 0.5227864583333334 0.048828125 0.050781250000000056
1 0.40380859375 0.158203125 0.0673828125 0.09244791666666667
1 0.33837890625 0.08463541666666667 0.0654296875 0.07291666666666666
1 0.2421875 0.2571614583333333 0.1171875 0.08203124999999997
1 0.11083984375 0.29752604166666663 0.0498046875 0.06380208333333331
1 0.0390625 0.36848958333333337 0.068359375 0.15104166666666669
1 0.12255859375 0.41471354166666663 0.0888671875 0.07161458333333331
1 0.05029296875 0.7337239583333333 0.0556640625 0.12369791666666663
1 0.01708984375 0.931640625 0.0341796875 0.09765625
1 0.01318359375 0.8268229166666667 0.0263671875 0.05729166666666663
1 0.02099609375 0.49283854166666663 0.0322265625 0.050781249999999944
1 0.1064453125 0.5169270833333334 0.03515625 0.06250000000000006
1 0.173828125 0.4947916666666667 0.04296875 0.04427083333333337
1 0.11376953125 0.6940104166666667 0.0302734375 0.03385416666666663
1 0.3779296875 0.89453125 0.025390625 0.11979166666666674
1 0.724609375 0.7936197916666666 0.068359375 0.08203125
1 0.703125 0.8697916666666667 0.033203125 0.04427083333333337
1 0.947265625 0.9231770833333333 0.0234375 0.04947916666666663
1 0.9306640625 0.83203125 0.025390625 0.04427083333333326
1 0.89306640625 0.7890625 0.0224609375 0.03645833333333326
1 0.94482421875 0.6953125 0.0341796875 0.04427083333333326
1 0.89208984375 0.47591145833333337 0.0791015625 0.10286458333333331
1 0.7802734375 0.6412760416666666 0.048828125 0.08984375
1 0.7119140625 0.3359375 0.029296875 0.04947916666666663
1 0.71630859375 0.08072916666666667 0.0771484375 0.11979166666666667
1 0.8037109375 0.23177083333333334 0.046875 0.057291666666666685
1 0.64501953125 0.18359375 0.0400390625 0.033854166666666685
1 0.07421875 0.251953125 0.048828125 0.06901041666666666
1 0.10400390625 0.09895833333333334 0.0341796875 0.04947916666666667
