1 0.82080078125 0.5032552083333334 0.1650390625 0.13671875000000006
1 0.658203125 0.10611979166666666 0.033203125 0.042968749999999986
1 0.6328125 0.17578125 0.025390625 0.057291666666666685
1 0.65234375 0.2571614583333333 0.029296875 0.03515624999999997
1 0.70849609375 0.2779947916666667 0.0224609375 0.03515625
1 0.25634765625 0.8736979166666667 0.1396484375 0.16145833333333337
1 0.02099609375 0.2838541666666667 0.0419921875 0.08072916666666666
1 0.0849609375 0.16471354166666666 0.0625 0.10546874999999999
1 0.126953125 0.06510416666666667 0.041015625 0.04687500000000001
0 0.29931640625 0.04296875 0.1083984375 0.0859375
0 0.26416015625 0.15950520833333331 0.1279296875 0.15494791666666666
0 0.2099609375 0.4049479166666667 0.158203125 0.20833333333333337
0 0.1337890625 0.8059895833333333 0.267578125 0.38802083333333337
0 0.673828125 0.052734375 0.126953125 0.10026041666666666
0 0.72509765625 0.15559895833333331 0.1337890625 0.16276041666666666
0 0.76806640625 0.33984375 0.1259765625 0.20833333333333334
0 0.890625 0.8046875 0.21875 0.390625
1 0.9765625 0.045572916666666664 0.041015625 0.05729166666666667
1 0.50439453125 0.9453125 0.0283203125 0.03125
