0 0.9697265625 0.109375 0.060546875 0.21875
0 0.44677734375 0.24088541666666666 0.2099609375 0.3619791666666667
0 0.4765625 0.71875 0.240234375 0.4869791666666667
1 0.69873046875 0.15299479166666669 0.1083984375 0.26171875
1 0.751953125 0.51953125 0.07421875 0.1015625
1 0.80810546875 0.8958333333333333 0.0849609375 0.20833333333333337
1 0.935546875 0.7819010416666667 0.052734375 0.08463541666666663
1 0.2939453125 0.818359375 0.1328125 0.26692708333333326
1 0.07861328125 0.8971354166666667 0.1083984375 0.18229166666666663
1 0.10107421875 0.6666666666666667 0.1083984375 0.15885416666666663
1 0.06005859375 0.529296875 0.1201171875 0.16536458333333331
1 0.1435546875 0.408203125 0.04296875 0.10546875
1 0.08203125 0.3704427083333333 0.080078125 0.14453125
1 0.09716796875 0.28515625 0.1728515625 0.09635416666666666
1 0.17919921875 0.189453125 0.0380859375 0.10286458333333331
1 0.1201171875 0.040364583333333336 0.08984375 0.08072916666666667
1 0.32080078125 0.072265625 0.0849609375 0.12369791666666667
1 0.1318359375 0.17578125 0.076171875 0.11197916666666667
1 0.02685546875 0.8170572916666667 0.0537109375 0.06119791666666663
1 0.123046875 0.9759114583333333 0.04296875 0.04817708333333337
