0 0.5380859375 0.36328125 0.080078125 0.19010416666666663
0 0.556640625 0.05859375 0.048828125 0.1171875
0 0.53515625 0.8684895833333334 0.068359375 0.125
1 0.2431640625 0.404296875 0.0546875 0.06901041666666663
1 0.2333984375 0.234375 0.1171875 0.15104166666666666
1 0.087890625 0.12630208333333334 0.037109375 0.06770833333333333
1 0.19677734375 0.07942708333333334 0.1044921875 0.08854166666666667
1 0.0224609375 0.8307291666666667 0.044921875 0.06770833333333337
1 0.7578125 0.9407552083333333 0.03125 0.04817708333333337
1 0.90966796875 0.8580729166666666 0.0341796875 0.046875
1 0.9482421875 0.5416666666666667 0.076171875 0.12239583333333337
1 0.77099609375 0.3893229166666667 0.0947265625 0.0703125
1 0.7275390625 0.22981770833333331 0.03125 0.05078124999999997
1 0.6904296875 0.046875 0.080078125 0.09375
1 0.818359375 0.12825520833333334 0.025390625 0.03255208333333333
