0 0.52099609375 0.7526041666666666 0.0810546875 0.1328125
0 0.5087890625 0.28776041666666663 0.05078125 0.09895833333333331
1 0.88525390625 0.166015625 0.0341796875 0.04296875
1 0.27099609375 0.30794270833333337 0.0810546875 0.10286458333333331
1 0.30615234375 0.21875 0.0302734375 0.09895833333333334
1 0.36376953125 0.20963541666666669 0.0341796875 0.04947916666666666
1 0.20458984375 0.310546875 0.0400390625 0.04296875
1 0.263671875 0.15234375 0.0390625 0.052083333333333315
1 0.19921875 0.23567708333333331 0.0234375 0.031249999999999972
1 0.1435546875 0.2565104166666667 0.02734375 0.04166666666666666
1 0.16162109375 0.45377604166666663 0.0771484375 0.12369791666666669
1 0.2373046875 0.552734375 0.033203125 0.04557291666666674
