0 0.46337890625 0.509765625 0.0556640625 0.09505208333333331
0 0.45263671875 0.18033854166666669 0.0322265625 0.06380208333333334
1 0.51708984375 0.3001302083333333 0.0634765625 0.12109374999999997
1 0.53515625 0.5403645833333333 0.0390625 0.05729166666666663
1 0.39404296875 0.6341145833333333 0.0419921875 0.05989583333333337
1 0.17626953125 0.87890625 0.1259765625 0.23958333333333326
1 0.07861328125 0.8053385416666667 0.0478515625 0.09505208333333337
1 0.029296875 0.50390625 0.046875 0.11197916666666669
1 0.83154296875 0.6842447916666666 0.0419921875 0.07421875
1 0.90771484375 0.7154947916666666 0.0517578125 0.07421875
1 0.72119140625 0.5462239583333334 0.0439453125 0.09765625000000006
