1 0.1982421875 0.21158854166666669 0.0234375 0.03776041666666666
1 0.39111328125 0.5130208333333334 0.0263671875 0.036458333333333315
1 0.0234375 0.8229166666666666 0.02734375 0.03125
0 0.1982421875 0.8658854166666667 0.021484375 0.04166666666666663
0 0.25634765625 0.47330729166666663 0.0322265625 0.048177083333333315
0 0.28466796875 0.23372395833333334 0.0341796875 0.061197916666666685
2 0.90478515625 0.537109375 0.0615234375 0.09505208333333331
1 0.771484375 0.248046875 0.015625 0.01953125
1 0.84765625 0.296875 0.021484375 0.03125
0 0.83544921875 0.2552083333333333 0.0205078125 0.04427083333333334
