0 0.5390625 0.10091145833333333 0.044921875 0.11588541666666666
0 0.5263671875 0.39453125 0.06640625 0.13802083333333337
0 0.5244140625 0.919921875 0.0546875 0.14973958333333326
1 0.80810546875 0.40234375 0.0322265625 0.0390625
1 0.93017578125 0.4479166666666667 0.0224609375 0.0390625
1 0.7119140625 0.1953125 0.037109375 0.049479166666666685
1 0.23046875 0.16471354166666666 0.0234375 0.02734375
1 0.83056640625 0.6627604166666667 0.0185546875 0.04427083333333337
1 0.71240234375 0.5533854166666667 0.0283203125 0.05208333333333337
1 0.240234375 0.8951822916666667 0.025390625 0.02994791666666663
