0 0.47119140625 0.060546875 0.1337890625 0.12109375
0 0.47998046875 0.31315104166666663 0.1787109375 0.3216145833333333
0 0.48583984375 0.7578125 0.1982421875 0.43489583333333326
0 0.96923828125 0.05078125 0.0615234375 0.1015625
1 0.1953125 0.038411458333333336 0.0625 0.07682291666666667
1 0.0771484375 0.044921875 0.048828125 0.04817708333333334
1 0.16455078125 0.2649739583333333 0.0556640625 0.05859374999999997
1 0.14208984375 0.3678385416666667 0.0322265625 0.03515625
1 0.13525390625 0.5247395833333334 0.1279296875 0.21093750000000006
1 0.08837890625 0.7330729166666667 0.0576171875 0.12239583333333337
1 0.13623046875 0.8411458333333333 0.0947265625 0.14322916666666663
1 0.03759765625 0.9576822916666667 0.0751953125 0.08463541666666663
1 0.3076171875 0.7513020833333333 0.1015625 0.18489583333333337
1 0.21435546875 0.4895833333333333 0.0244140625 0.04947916666666663
1 0.29736328125 0.3326822916666667 0.0400390625 0.04296875
1 0.21337890625 0.3470052083333333 0.0615234375 0.05078125
1 0.59765625 0.27799479166666663 0.048828125 0.07161458333333331
1 0.68994140625 0.021484375 0.0556640625 0.04296875
1 0.75341796875 0.10677083333333333 0.0830078125 0.16145833333333334
1 0.96435546875 0.34635416666666663 0.0712890625 0.13802083333333331
1 0.7607421875 0.287109375 0.060546875 0.07682291666666666
1 0.779296875 0.466796875 0.08984375 0.12890625
1 0.82763671875 0.63671875 0.0517578125 0.07291666666666674
1 0.8330078125 0.8170572916666667 0.087890625 0.14713541666666663
