0 0.49609375 0.21484375 0.19140625 0.3671875
0 0.5068359375 0.6744791666666666 0.255859375 0.41406249999999994
1 0.1943359375 0.501953125 0.119140625 0.13151041666666669
1 0.265625 0.138671875 0.119140625 0.13151041666666669
1 0.08642578125 0.09895833333333333 0.1318359375 0.13802083333333334
1 0.02294921875 0.17838541666666669 0.0458984375 0.07291666666666666
1 0.02197265625 0.3203125 0.0439453125 0.11458333333333337
1 0.0849609375 0.5625 0.0625 0.13541666666666669
1 0.02587890625 0.515625 0.0322265625 0.036458333333333315
1 0.21923828125 0.6126302083333333 0.0185546875 0.02994791666666663
1 0.17822265625 0.8489583333333333 0.2255859375 0.30208333333333337
1 0.6494140625 0.9270833333333334 0.0546875 0.078125
1 0.72216796875 0.94921875 0.0712890625 0.1015625
1 0.85546875 0.19010416666666669 0.076171875 0.12760416666666666
1 0.80126953125 0.032552083333333336 0.0439453125 0.06510416666666667
1 0.77978515625 0.1015625 0.0400390625 0.04947916666666667
1 0.77001953125 0.18033854166666666 0.0244140625 0.04296875
1 0.85546875 0.408203125 0.162109375 0.2565104166666667
1 0.86474609375 0.6751302083333334 0.1416015625 0.25390625
1 0.88037109375 0.9212239583333333 0.1591796875 0.15755208333333337
1 0.748046875 0.7916666666666666 0.0546875 0.0625
1 0.9765625 0.599609375 0.046875 0.11588541666666674
1 0.6826171875 0.8359375 0.04296875 0.046875
1 0.681640625 0.7604166666666666 0.037109375 0.0390625
1 0.66845703125 0.42447916666666663 0.0947265625 0.16666666666666669
1 0.1533203125 0.015625 0.07421875 0.03125
