0 0.556640625 0.5989583333333334 0.048828125 0.09375
0 0.5380859375 0.244140625 0.04296875 0.10286458333333334
1 0.783203125 0.748046875 0.076171875 0.10807291666666674
1 0.89501953125 0.9622395833333334 0.0322265625 0.0390625
1 0.9453125 0.36588541666666663 0.09375 0.15885416666666669
1 0.92626953125 0.59375 0.0283203125 0.07552083333333326
1 0.99365234375 0.6393229166666666 0.0126953125 0.03125
1 0.68359375 0.4973958333333333 0.025390625 0.04166666666666663
1 0.77197265625 0.4029947916666667 0.0556640625 0.08984375
1 0.7607421875 0.052734375 0.052734375 0.05598958333333334
1 0.51806640625 0.17578125 0.0166015625 0.036458333333333315
1 0.1337890625 0.3795572916666667 0.068359375 0.08984375
