2 0.33984375 0.486328125 0.05078125 0.07942708333333331
1 0.46240234375 0.33203125 0.0185546875 0.04166666666666663
1 0.568359375 0.384765625 0.033203125 0.05859375
1 0.890625 0.40950520833333337 0.037109375 0.053385416666666685
0 0.7822265625 0.45638020833333337 0.044921875 0.09765625000000006
0 0.68359375 0.022786458333333336 0.021484375 0.04296875
0 0.21630859375 0.259765625 0.0302734375 0.07421875
0 0.1640625 0.5208333333333333 0.02734375 0.08072916666666663
0 0.15185546875 0.5358072916666667 0.0380859375 0.06119791666666663
0 0.078125 0.94921875 0.080078125 0.1015625
1 0.08642578125 0.09440104166666667 0.0341796875 0.03515625
0 0.25 0.08138020833333333 0.021484375 0.048177083333333336
0 0.86279296875 0.81640625 0.0556640625 0.09635416666666674
2 0.3427734375 0.095703125 0.087890625 0.12630208333333331
