1 0.0849609375 0.09830729166666666 0.068359375 0.10546875
1 0.0439453125 0.16341145833333331 0.0546875 0.06380208333333334
1 0.095703125 0.19596354166666669 0.033203125 0.03776041666666666
1 0.05859375 0.21940104166666666 0.05078125 0.03515625
1 0.0302734375 0.2604166666666667 0.0390625 0.03385416666666666
1 0.01806640625 0.3040364583333333 0.0361328125 0.03515625
1 0.05029296875 0.33203125 0.0205078125 0.01822916666666663
1 0.01611328125 0.4225260416666667 0.0322265625 0.05078125
1 0.3310546875 0.14908854166666666 0.056640625 0.08984374999999999
1 0.4892578125 0.09700520833333334 0.03515625 0.06640625000000001
1 0.505859375 0.14778645833333331 0.017578125 0.016927083333333343
1 0.47509765625 0.14973958333333334 0.0224609375 0.03125
1 0.490234375 0.19075520833333331 0.0234375 0.04817708333333334
1 0.4833984375 0.314453125 0.046875 0.09244791666666663
1 0.49169921875 0.44075520833333337 0.0400390625 0.10807291666666669
1 0.49169921875 0.5703125 0.0361328125 0.07552083333333326
1 0.4873046875 0.658203125 0.046875 0.05859375
1 0.49169921875 0.7272135416666666 0.0341796875 0.06640625
1 0.66162109375 0.818359375 0.0263671875 0.05338541666666674
1 0.6904296875 0.8977864583333333 0.046875 0.10026041666666663
1 0.4873046875 0.8385416666666667 0.025390625 0.03385416666666663
1 0.4951171875 0.9641927083333333 0.03515625 0.07161458333333337
1 0.498046875 0.013020833333333334 0.0390625 0.026041666666666668
1 0.7646484375 0.031901041666666664 0.037109375 0.061197916666666664
1 0.82763671875 0.23958333333333334 0.0478515625 0.07291666666666669
1 0.97021484375 0.5904947916666667 0.0595703125 0.09505208333333337
1 0.91748046875 0.2506510416666667 0.0263671875 0.05078125000000003
0 0.9814453125 0.03515625 0.037109375 0.0703125
0 0.68017578125 0.042317708333333336 0.1064453125 0.08463541666666667
0 0.72314453125 0.16471354166666669 0.1259765625 0.17578125
0 0.791015625 0.4166666666666667 0.16015625 0.25520833333333337
0 0.8994140625 0.8033854166666667 0.201171875 0.39322916666666663
0 0.2646484375 0.07552083333333333 0.1171875 0.15104166666666666
0 0.2333984375 0.26106770833333337 0.142578125 0.18619791666666669
0 0.16845703125 0.5358072916666666 0.1923828125 0.29296874999999994
0 0.0947265625 0.8717447916666667 0.189453125 0.25651041666666663
