0 0.4462890625 0.037109375 0.1796875 0.07421875
0 0.4599609375 0.27734375 0.208984375 0.3515625
0 0.47705078125 0.7740885416666667 0.2392578125 0.45182291666666663
1 0.3974609375 0.470703125 0.048828125 0.13932291666666669
1 0.35400390625 0.5846354166666666 0.0361328125 0.0625
1 0.33251953125 0.7395833333333333 0.1357421875 0.25520833333333337
1 0.19677734375 0.0546875 0.1650390625 0.109375
1 0.240234375 0.21549479166666666 0.08984375 0.12630208333333331
1 0.06298828125 0.12630208333333334 0.0634765625 0.07812500000000001
1 0.12548828125 0.22200520833333331 0.0908203125 0.11067708333333334
1 0.11767578125 0.3828125 0.0849609375 0.15104166666666663
1 0.22509765625 0.4440104166666667 0.0869140625 0.21614583333333337
1 0.08837890625 0.49283854166666663 0.1416015625 0.19140624999999994
1 0.11572265625 0.6399739583333333 0.0634765625 0.09244791666666663
1 0.16748046875 0.712890625 0.0380859375 0.04557291666666674
1 0.05712890625 0.7109375 0.1005859375 0.15104166666666674
1 0.068359375 0.8248697916666667 0.060546875 0.06380208333333337
1 0.06396484375 0.9348958333333334 0.1181640625 0.125
1 0.17431640625 0.9388020833333334 0.0791015625 0.1171875
1 0.85009765625 0.310546875 0.0771484375 0.10807291666666663
1 0.80615234375 0.107421875 0.0439453125 0.06901041666666667
1 0.912109375 0.15885416666666666 0.126953125 0.18229166666666669
1 0.8310546875 0.029296875 0.08984375 0.05859375
1 0.7568359375 0.27604166666666663 0.0390625 0.09114583333333331
1 0.8662109375 0.447265625 0.171875 0.16536458333333331
1 0.92236328125 0.6901041666666666 0.1552734375 0.203125
1 0.955078125 0.955078125 0.056640625 0.08984375
1 0.84716796875 0.890625 0.0712890625 0.09114583333333326
1 0.75048828125 0.9348958333333333 0.0869140625 0.13020833333333337
1 0.6708984375 0.7513020833333334 0.048828125 0.125
1 0.66162109375 0.5598958333333334 0.0947265625 0.12239583333333331
1 0.59912109375 0.3352864583333333 0.0498046875 0.09765625
1 0.6640625 0.20638020833333331 0.033203125 0.05338541666666666
1 0.74609375 0.146484375 0.08203125 0.09765625
1 0.599609375 0.055338541666666664 0.0546875 0.09505208333333333
