0 0.48291015625 0.06901041666666667 0.1748046875 0.13802083333333334
0 0.953125 0.10221354166666667 0.09375 0.20442708333333334
0 0.98291015625 0.361328125 0.0341796875 0.15494791666666663
0 0.466796875 0.36783854166666663 0.154296875 0.24348958333333331
0 0.4697265625 0.787109375 0.234375 0.42578125
0 0.01611328125 0.059895833333333336 0.0322265625 0.11979166666666667
1 0.2978515625 0.1875 0.068359375 0.08072916666666669
1 0.76171875 0.11979166666666666 0.04296875 0.1328125
1 0.6083984375 0.19010416666666669 0.083984375 0.10677083333333334
1 0.54541015625 0.224609375 0.0537109375 0.08463541666666666
1 0.58837890625 0.33333333333333337 0.0673828125 0.07291666666666669
1 0.76806640625 0.24869791666666669 0.0771484375 0.09375000000000003
1 0.80615234375 0.40690104166666663 0.0869140625 0.20703124999999994
1 0.7822265625 0.5983072916666667 0.048828125 0.08463541666666663
1 0.95654296875 0.8248697916666666 0.0830078125 0.17578125
1 0.6591796875 0.740234375 0.076171875 0.09244791666666674
1 0.72998046875 0.8033854166666667 0.0419921875 0.08333333333333337
1 0.7841796875 0.8209635416666667 0.025390625 0.04036458333333337
1 0.84423828125 0.7923177083333334 0.0341796875 0.07421875
1 0.7021484375 0.5807291666666667 0.05078125 0.10677083333333337
1 0.75634765625 0.9446614583333333 0.0556640625 0.09505208333333337
1 0.89208984375 0.9811197916666667 0.0341796875 0.03776041666666663
1 0.26220703125 0.875 0.0478515625 0.06770833333333326
1 0.06103515625 0.6458333333333334 0.0537109375 0.0625
1 0.12109375 0.265625 0.095703125 0.109375
1 0.1640625 0.042317708333333336 0.0625 0.08463541666666667
1 0.19091796875 0.13606770833333331 0.0341796875 0.06901041666666666
