0 0.4892578125 0.061848958333333336 0.150390625 0.12369791666666667
0 0.95703125 0.0546875 0.0859375 0.109375
0 0.9697265625 0.220703125 0.060546875 0.19401041666666663
0 0.48193359375 0.310546875 0.1962890625 0.27213541666666663
0 0.48681640625 0.7864583333333333 0.2314453125 0.39322916666666663
0 0.0166015625 0.038411458333333336 0.033203125 0.07682291666666667
1 0.77001953125 0.040364583333333336 0.0498046875 0.08072916666666667
1 0.78369140625 0.212890625 0.0869140625 0.20182291666666663
1 0.7958984375 0.45377604166666663 0.0546875 0.08723958333333331
1 0.86181640625 0.703125 0.1044921875 0.15104166666666674
1 0.822265625 0.9368489583333333 0.1953125 0.12630208333333337
