0 0.57080078125 0.57421875 0.0517578125 0.05729166666666674
0 0.587890625 0.15755208333333334 0.025390625 0.07812500000000001
2 0.70458984375 0.154296875 0.0419921875 0.07942708333333333
1 0.234375 0.5813802083333333 0.064453125 0.08723958333333337
1 0.220703125 0.6946614583333333 0.107421875 0.11067708333333337
1 0.26708984375 0.826171875 0.0654296875 0.11328125
1 0.1220703125 0.47981770833333337 0.06640625 0.08984375000000006
1 0.09423828125 0.6126302083333333 0.1044921875 0.14713541666666663
1 0.09716796875 0.7545572916666666 0.1376953125 0.11328125
1 0.2490234375 0.38997395833333337 0.0625 0.16276041666666669
1 0.17333984375 0.3138020833333333 0.0693359375 0.14062499999999997
1 0.28369140625 0.14973958333333331 0.0849609375 0.12760416666666666
1 0.11962890625 0.06380208333333333 0.0556640625 0.09375
1 0.0712890625 0.34765625 0.09375 0.17708333333333337
