0 0.4892578125 0.078125 0.173828125 0.15625
0 0.48095703125 0.322265625 0.1904296875 0.34765625
0 0.48779296875 0.775390625 0.2548828125 0.44921875
1 0.79541015625 0.15494791666666666 0.0478515625 0.062499999999999986
1 0.96337890625 0.150390625 0.0673828125 0.11328125
1 0.74365234375 0.37630208333333337 0.0791015625 0.15885416666666669
1 0.87060546875 0.79296875 0.0888671875 0.16666666666666674
1 0.130859375 0.9694010416666667 0.05859375 0.06119791666666663
1 0.0908203125 0.7845052083333333 0.15234375 0.10807291666666663
1 0.14697265625 0.6419270833333334 0.1142578125 0.171875
1 0.0986328125 0.49674479166666663 0.068359375 0.11588541666666669
1 0.1640625 0.4954427083333333 0.0234375 0.04557291666666663
1 0.33349609375 0.34895833333333337 0.0966796875 0.21354166666666669
1 0.31494140625 0.5501302083333334 0.0380859375 0.05859375
1 0.20947265625 0.07356770833333333 0.0634765625 0.12630208333333334
1 0.28125 0.126953125 0.041015625 0.05078125
1 0.07177734375 0.3059895833333333 0.0830078125 0.19270833333333334
1 0.1923828125 0.29752604166666663 0.01953125 0.037760416666666685
1 0.31640625 0.7610677083333333 0.0703125 0.13411458333333337
