1 0.4052734375 0.45963541666666663 0.041015625 0.07552083333333331
1 0.5107421875 0.5104166666666666 0.0390625 0.07031249999999994
1 0.591796875 0.7877604166666666 0.056640625 0.1015625
1 0.61328125 0.8782552083333333 0.02734375 0.06380208333333337
0 0.138671875 0.9055989583333333 0.056640625 0.09505208333333337
0 0.85302734375 0.7747395833333334 0.0615234375 0.1171875
0 0.79052734375 0.4453125 0.0380859375 0.06510416666666663
0 0.72509765625 0.23893229166666669 0.0361328125 0.07682291666666666
0 0.68408203125 0.06705729166666667 0.0380859375 0.09765625
0 0.201171875 0.5026041666666667 0.04296875 0.08333333333333337
0 0.26953125 0.24153645833333331 0.0234375 0.04296874999999997
0 0.30126953125 0.08723958333333333 0.0185546875 0.046875
2 0.923828125 0.875 0.056640625 0.13541666666666674
