0 0.5166015625 0.4205729166666667 0.0546875 0.125
0 0.52490234375 0.06770833333333333 0.0478515625 0.08333333333333333
0 0.50927734375 0.8528645833333333 0.0478515625 0.09114583333333337
1 0.65869140625 0.3736979166666667 0.0302734375 0.0390625
1 0.7265625 0.5078125 0.02734375 0.028645833333333315
1 0.69873046875 0.6139322916666666 0.0380859375 0.04296875
1 0.7001953125 0.23697916666666669 0.044921875 0.07291666666666666
1 0.802734375 0.083984375 0.033203125 0.053385416666666664
1 0.98681640625 0.31901041666666663 0.0263671875 0.09895833333333331
1 0.955078125 0.5481770833333334 0.076171875 0.16927083333333331
1 0.32958984375 0.6686197916666667 0.0595703125 0.07682291666666663
1 0.38818359375 0.716796875 0.0283203125 0.04036458333333326
1 0.158203125 0.6796875 0.041015625 0.0546875
1 0.22119140625 0.8059895833333333 0.0439453125 0.08072916666666663
1 0.07861328125 0.8502604166666667 0.0732421875 0.14322916666666663
1 0.15869140625 0.9153645833333333 0.0341796875 0.04427083333333337
1 0.13916015625 0.9752604166666667 0.0380859375 0.04947916666666663
1 0.41845703125 0.3893229166666667 0.0341796875 0.046875
1 0.31787109375 0.18619791666666669 0.0693359375 0.05989583333333334
1 0.34619140625 0.2682291666666667 0.0322265625 0.04947916666666666
1 0.43310546875 0.259765625 0.0458984375 0.05598958333333334
1 0.51513671875 0.26236979166666663 0.0302734375 0.048177083333333315
1 0.185546875 0.3131510416666667 0.03515625 0.03515625
1 0.11962890625 0.20052083333333331 0.0478515625 0.04947916666666666
1 0.2919921875 0.06315104166666667 0.046875 0.07682291666666667
1 0.306640625 0.45768229166666663 0.03515625 0.045572916666666685
