0 0.49951171875 0.13411458333333334 0.1865234375 0.2682291666666667
0 0.51416015625 0.5924479166666666 0.2470703125 0.4244791666666667
0 0.51904296875 0.974609375 0.1630859375 0.05078125
1 0.10009765625 0.27604166666666663 0.1435546875 0.3020833333333333
1 0.1357421875 0.6061197916666667 0.05078125 0.13411458333333337
1 0.18115234375 0.45052083333333337 0.1083984375 0.14062500000000006
1 0.05908203125 0.5208333333333334 0.1181640625 0.16145833333333331
1 0.15283203125 0.8997395833333333 0.1162109375 0.17447916666666663
1 0.05615234375 0.8919270833333334 0.0791015625 0.0625
1 0.03173828125 0.9713541666666667 0.0634765625 0.05729166666666663
1 0.08447265625 0.70703125 0.1005859375 0.09114583333333326
1 0.025390625 0.7552083333333333 0.05078125 0.13541666666666663
1 0.384765625 0.322265625 0.12890625 0.12369791666666663
1 0.35009765625 0.458984375 0.0556640625 0.07682291666666663
1 0.3349609375 0.6204427083333333 0.08203125 0.08463541666666663
1 0.376953125 0.7760416666666666 0.1328125 0.1875
1 0.63623046875 0.85546875 0.0615234375 0.1171875
1 0.92822265625 0.21549479166666666 0.1435546875 0.21744791666666669
1 0.94775390625 0.5703125 0.1044921875 0.21614583333333331
1 0.9619140625 0.7766927083333333 0.076171875 0.12630208333333337
1 0.80517578125 0.177734375 0.0615234375 0.08984375
1 0.7265625 0.21875 0.08984375 0.0703125
1 0.78466796875 0.2916666666666667 0.0712890625 0.078125
1 0.64208984375 0.08658854166666667 0.0244140625 0.02734375
1 0.67529296875 0.15625 0.0322265625 0.07291666666666667
1 0.728515625 0.14322916666666669 0.02734375 0.04427083333333334
1 0.720703125 0.05403645833333333 0.025390625 0.040364583333333336
1 0.67626953125 0.05859375 0.0341796875 0.041666666666666664
1 0.9599609375 0.038411458333333336 0.025390625 0.04036458333333333
1 0.75 0.3313802083333333 0.029296875 0.05859375
1 0.75048828125 0.38020833333333337 0.0302734375 0.041666666666666685
1 0.71484375 0.43294270833333337 0.109375 0.07942708333333331
1 0.79296875 0.404296875 0.033203125 0.05078125
1 0.87255859375 0.36783854166666663 0.0400390625 0.055989583333333315
1 0.98828125 0.4140625 0.0234375 0.05729166666666663
1 0.853515625 0.5690104166666666 0.05078125 0.0703125
1 0.8134765625 0.6106770833333334 0.056640625 0.0859375
1 0.78857421875 0.6881510416666667 0.0498046875 0.10286458333333337
1 0.861328125 0.7877604166666667 0.0859375 0.16145833333333337
1 0.78857421875 0.8671875 0.0361328125 0.05208333333333326
1 0.94970703125 0.931640625 0.1005859375 0.13671875
1 0.85888671875 0.9850260416666667 0.0380859375 0.02994791666666663
1 0.78515625 0.9811197916666667 0.04296875 0.03776041666666663
1 0.71044921875 0.9609375 0.0791015625 0.078125
1 0.7412109375 0.7506510416666667 0.033203125 0.04557291666666663
1 0.73681640625 0.6490885416666666 0.0224609375 0.05078125
1 0.703125 0.6100260416666667 0.041015625 0.04557291666666663
1 0.72265625 0.544921875 0.037109375 0.07682291666666674
1 0.7763671875 0.49283854166666663 0.03125 0.07421874999999994
1 0.20703125 0.07552083333333334 0.0390625 0.04166666666666667
1 0.20166015625 0.18294270833333334 0.0341796875 0.06640625
