1 0.06005859375 0.30143229166666663 0.1201171875 0.3528645833333333
1 0.357421875 0.9537760416666667 0.048828125 0.09244791666666663
1 0.97998046875 0.4114583333333333 0.0400390625 0.0859375
1 0.93896484375 0.34375 0.0478515625 0.06510416666666663
1 0.896484375 0.17122395833333331 0.015625 0.03255208333333334
1 0.88916015625 0.2721354166666667 0.0439453125 0.06510416666666666
1 0.56201171875 0.8977864583333333 0.0244140625 0.02473958333333337
1 0.26708984375 0.9388020833333333 0.0673828125 0.09895833333333337
1 0.1552734375 0.47721354166666663 0.037109375 0.037760416666666685
1 0.12060546875 0.5305989583333333 0.0400390625 0.05598958333333337
1 0.2197265625 0.08138020833333334 0.029296875 0.04557291666666667
1 0.330078125 0.38346354166666663 0.029296875 0.09505208333333331
0 0.30419921875 0.026692708333333332 0.1337890625 0.053385416666666664
0 0.2822265625 0.13216145833333334 0.119140625 0.15234375
0 0.248046875 0.3196614583333333 0.166015625 0.21484374999999997
0 0.20068359375 0.6640625 0.2119140625 0.3645833333333333
0 0.16015625 0.982421875 0.1796875 0.03515625
0 0.88671875 0.7786458333333333 0.21484375 0.34895833333333337
0 0.78857421875 0.44075520833333337 0.1455078125 0.23828125000000006
0 0.97802734375 0.09114583333333333 0.0439453125 0.14583333333333334
0 0.93505859375 0.029947916666666668 0.1044921875 0.059895833333333336
0 0.7138671875 0.23958333333333334 0.138671875 0.15885416666666669
0 0.6669921875 0.07096354166666666 0.12109375 0.13671875
