0 0.45751953125 0.169921875 0.1904296875 0.33723958333333337
0 0.46337890625 0.642578125 0.2431640625 0.4361979166666667
1 0.748046875 0.2936197916666667 0.189453125 0.5794270833333334
1 0.81640625 0.8092447916666667 0.298828125 0.38151041666666663
1 0.87646484375 0.5397135416666667 0.0830078125 0.15755208333333337
1 0.94140625 0.23111979166666666 0.1171875 0.4440104166666667
1 0.63232421875 0.607421875 0.0439453125 0.10807291666666674
1 0.638671875 0.13411458333333334 0.037109375 0.04427083333333333
1 0.22021484375 0.8684895833333334 0.1005859375 0.1484375
1 0.09912109375 0.70703125 0.1591796875 0.16927083333333326
1 0.11474609375 0.44596354166666663 0.1845703125 0.3580729166666667
1 0.017578125 0.8717447916666666 0.03515625 0.06640625
1 0.13037109375 0.9856770833333333 0.0537109375 0.02864583333333337
1 0.166015625 0.15234375 0.13671875 0.19270833333333331
1 0.1865234375 0.022135416666666668 0.02734375 0.028645833333333336
