0 0.16455078125 0.22591145833333331 0.0908203125 0.12890624999999997
0 0.11181640625 0.568359375 0.0322265625 0.07942708333333326
0 0.705078125 0.04296875 0.02734375 0.04427083333333334
0 0.806640625 0.5696614583333334 0.03125 0.04296875
0 0.7568359375 0.2265625 0.02734375 0.078125
1 0.42333984375 0.5944010416666667 0.0498046875 0.06119791666666663
1 0.5009765625 0.43098958333333337 0.033203125 0.06510416666666669
2 0.33984375 0.232421875 0.04296875 0.08463541666666666
2 0.40380859375 0.15885416666666669 0.0498046875 0.07552083333333334
2 0.22021484375 0.04296875 0.0341796875 0.07552083333333334
