0 0.3427734375 0.052083333333333336 0.1171875 0.10416666666666667
2 0.02978515625 0.044921875 0.0595703125 0.08984375
0 0.30908203125 0.17643229166666666 0.1318359375 0.12369791666666667
0 0.2900390625 0.30208333333333337 0.150390625 0.16666666666666669
0 0.24951171875 0.5813802083333333 0.1943359375 0.30338541666666663
0 0.18408203125 0.92578125 0.2275390625 0.1484375
0 0.68896484375 0.044270833333333336 0.0986328125 0.08854166666666667
0 0.7236328125 0.13411458333333334 0.109375 0.125
0 0.775390625 0.2903645833333333 0.1171875 0.21614583333333334
0 0.857421875 0.5891927083333334 0.162109375 0.20442708333333331
0 0.9404296875 0.9055989583333333 0.119140625 0.18880208333333337
1 0.98876953125 0.306640625 0.0224609375 0.05338541666666663
1 0.87890625 0.06380208333333333 0.015625 0.023437499999999993
1 0.48388671875 0.9049479166666666 0.0205078125 0.046875
1 0.3896484375 0.9654947916666667 0.01953125 0.04036458333333337
1 0.69677734375 0.5110677083333334 0.0166015625 0.048177083333333315
2 0.990234375 0.021484375 0.01953125 0.04296875
