0 0.51904296875 0.0234375 0.1044921875 0.046875
0 0.50341796875 0.24153645833333334 0.1865234375 0.3346354166666667
0 0.50244140625 0.7018229166666666 0.2041015625 0.42187499999999994
1 0.23388671875 0.255859375 0.0400390625 0.05078125
1 0.791015625 0.06705729166666666 0.08984375 0.12109374999999999
1 0.849609375 0.3040364583333333 0.048828125 0.14973958333333334
1 0.77978515625 0.34244791666666663 0.0576171875 0.09635416666666669
1 0.85693359375 0.47265625 0.0537109375 0.078125
1 0.80859375 0.5423177083333334 0.048828125 0.10286458333333331
1 0.8896484375 0.6516927083333333 0.080078125 0.14713541666666663
1 0.9189453125 0.8782552083333333 0.162109375 0.22005208333333337
1 0.80859375 0.8854166666666666 0.041015625 0.109375
