0 0.49853515625 0.035807291666666664 0.1513671875 0.07161458333333333
0 0.49951171875 0.25 0.1865234375 0.2890625
0 0.5 0.734375 0.189453125 0.40104166666666674
0 0.97607421875 0.08463541666666667 0.0478515625 0.16927083333333334
1 0.90771484375 0.6276041666666667 0.0419921875 0.10677083333333337
1 0.6923828125 0.771484375 0.046875 0.06119791666666674
1 0.20849609375 0.7337239583333334 0.0478515625 0.06640625
1 0.2060546875 0.853515625 0.134765625 0.14192708333333326
1 0.27490234375 0.48177083333333337 0.1025390625 0.09375000000000006
1 0.11474609375 0.6217447916666666 0.0283203125 0.08203125
1 0.16259765625 0.54296875 0.0322265625 0.02864583333333326
1 0.17138671875 0.462890625 0.0380859375 0.05078125
1 0.24853515625 0.2265625 0.0166015625 0.020833333333333315
1 0.236328125 0.28580729166666663 0.015625 0.032552083333333315
1 0.2529296875 0.12044270833333334 0.0390625 0.058593750000000014
1 0.0400390625 0.4889322916666667 0.041015625 0.04036458333333337
1 0.01220703125 0.5651041666666666 0.0244140625 0.0390625
1 0.0439453125 0.7493489583333333 0.01953125 0.03776041666666663
1 0.1201171875 0.9876302083333333 0.01953125 0.02473958333333337
1 0.017578125 0.9830729166666667 0.03515625 0.03385416666666663
1 0.71826171875 0.419921875 0.0419921875 0.05859375
1 0.7138671875 0.6588541666666667 0.021484375 0.05208333333333337
1 0.625 0.5768229166666667 0.02734375 0.04166666666666663
