1 0.3427734375 0.23046875 0.0 0.0
1 0.4833984375 0.2421875 0.25390625 0.33072916666666663
1 0.4931640625 0.4088541666666667 0.03125 0.0546875
1 0.52783203125 0.2923177083333333 0.1357421875 0.08723958333333334
1 0.48876953125 0.3307291666666667 0.1572265625 0.0703125
1 0.51708984375 0.30403645833333337 0.2138671875 0.08463541666666669
1 0.50146484375 0.322265625 0.2744140625 0.06640625
1 0.45654296875 0.31380208333333337 0.4033203125 0.059895833333333315
1 0.4638671875 0.318359375 0.3984375 0.04296875
1 0.44091796875 0.30338541666666663 0.4208984375 0.013020833333333315
1 0.51708984375 0.29947916666666663 0.5751953125 0.028645833333333315
1 0.47119140625 0.28841145833333337 0.6259765625 0.006510416666666685
1 0.48046875 0.28841145833333337 0.61328125 0.006510416666666685
1 0.52099609375 0.29166666666666663 0.4150390625 0.013020833333333315
1 0.541015625 0.3053385416666667 0.50390625 0.00390625
1 0.79296875 0.3033854166666667 0.0 0.0
1 0.79296875 0.3033854166666667 0.0 0.0
1 0.79296875 0.3033854166666667 0.0 0.0
1 0.79296875 0.3046875 0.0 0.0026041666666666297
1 0.79296875 0.333984375 0.0 0.03255208333333337
1 0.78076171875 0.38216145833333337 0.0048828125 0.016927083333333315
1 0.7607421875 0.423828125 0.0078125 0.02473958333333337
1 0.744140625 0.458984375 0.01171875 0.02473958333333337
1 0.69384765625 0.5358072916666666 0.0068359375 0.02734375
1 0.69482421875 0.5416666666666666 0.0087890625 0.015625
1 0.71533203125 0.498046875 0.0068359375 0.009114583333333315
1 0.7509765625 0.44596354166666663 0.01171875 0.014322916666666685
1 0.78369140625 0.388671875 0.0146484375 0.02213541666666663
