0 0.314453125 0.046223958333333336 0.091796875 0.08723958333333333
0 0.296875 0.12630208333333334 0.1015625 0.10156250000000001
0 0.26953125 0.25325520833333337 0.1328125 0.15494791666666669
0 0.23193359375 0.42057291666666663 0.1337890625 0.17968749999999994
0 0.1640625 0.6393229166666667 0.216796875 0.25520833333333337
0 0.11376953125 0.9453125 0.1923828125 0.109375
0 0.01171875 0.1328125 0.0234375 0.0703125
0 0.03466796875 0.048177083333333336 0.0693359375 0.09635416666666667
0 0.078125 0.018880208333333332 0.052734375 0.037760416666666664
0 0.5908203125 0.024739583333333332 0.08203125 0.049479166666666664
0 0.61572265625 0.061848958333333336 0.0830078125 0.08463541666666667
0 0.63671875 0.140625 0.08984375 0.10677083333333333
0 0.67822265625 0.24739583333333331 0.1025390625 0.12239583333333334
0 0.72412109375 0.40950520833333337 0.1337890625 0.18359375000000006
0 0.8056640625 0.7005208333333334 0.185546875 0.2890625
0 0.89306640625 0.9518229166666667 0.2138671875 0.09635416666666663
0 0.8427734375 0.026692708333333332 0.064453125 0.053385416666666664
0 0.89208984375 0.068359375 0.0947265625 0.08463541666666666
0 0.9541015625 0.162109375 0.091796875 0.12109375
1 0.48779296875 0.24153645833333334 0.0361328125 0.045572916666666685
1 0.47021484375 0.15885416666666666 0.0400390625 0.046875
1 0.46337890625 0.10677083333333333 0.0224609375 0.03125
1 0.4599609375 0.625 0.03125 0.03645833333333326
1 0.52734375 0.5748697916666667 0.015625 0.02473958333333337
1 0.54833984375 0.48111979166666663 0.0205078125 0.024739583333333315
1 0.501953125 0.91015625 0.02734375 0.0546875
