0 0.017578125 0.08463541666666667 0.03515625 0.16927083333333334
1 0.033203125 0.47330729166666663 0.015625 0.037760416666666685
1 0.18505859375 0.37239583333333337 0.0263671875 0.041666666666666685
1 0.01025390625 0.29361979166666663 0.0185546875 0.037760416666666685
1 0.2998046875 0.17447916666666669 0.029296875 0.05989583333333334
1 0.7939453125 0.025390625 0.044921875 0.05078125
1 0.86474609375 0.5397135416666667 0.0322265625 0.04557291666666663
1 0.64794921875 0.33072916666666663 0.0185546875 0.033854166666666685
1 0.86474609375 0.38736979166666663 0.0830078125 0.13151041666666669
1 0.71630859375 0.9837239583333333 0.0322265625 0.03255208333333337
1 0.86328125 0.8626302083333334 0.02734375 0.02734375
1 0.93505859375 0.70703125 0.0263671875 0.0390625
1 0.64990234375 0.6966145833333333 0.0439453125 0.06770833333333337
1 0.44775390625 0.42578125 0.0185546875 0.03385416666666663
1 0.61279296875 0.42578125 0.0263671875 0.0390625
1 0.609375 0.5345052083333334 0.025390625 0.07942708333333331
1 0.6865234375 0.5813802083333333 0.033203125 0.05338541666666663
1 0.6220703125 0.13541666666666666 0.029296875 0.054687499999999986
0 0.51806640625 0.026041666666666668 0.1357421875 0.052083333333333336
0 0.52392578125 0.212890625 0.1669921875 0.28515625
0 0.509765625 0.6888020833333334 0.1953125 0.43750000000000006
0 0.98388671875 0.15885416666666666 0.0322265625 0.18489583333333331
1 0.21875 0.7298177083333333 0.03515625 0.02994791666666663
1 0.12841796875 0.8450520833333333 0.0205078125 0.04947916666666663
1 0.36376953125 0.904296875 0.0751953125 0.14973958333333326
