0 0.51220703125 0.0625 0.1748046875 0.125
0 0.5029296875 0.333984375 0.216796875 0.36848958333333326
0 0.47998046875 0.8365885416666667 0.2939453125 0.32682291666666663
0 0.0322265625 0.046875 0.064453125 0.09375
1 0.80224609375 0.06575520833333333 0.1064453125 0.13151041666666666
1 0.82421875 0.3307291666666667 0.12890625 0.37760416666666663
1 0.88916015625 0.87890625 0.1728515625 0.2421875
1 0.6826171875 0.75390625 0.03515625 0.0703125
1 0.87060546875 0.63671875 0.0927734375 0.21354166666666674
1 0.26123046875 0.541015625 0.0556640625 0.06640625
1 0.23876953125 0.7721354166666666 0.0947265625 0.1328125
1 0.251953125 0.9290364583333333 0.08203125 0.14192708333333337
1 0.162109375 0.9459635416666666 0.029296875 0.02734375
1 0.10986328125 0.9303385416666667 0.0322265625 0.04036458333333337
1 0.06494140625 0.7591145833333334 0.0869140625 0.25
1 0.17578125 0.5611979166666667 0.02734375 0.02864583333333337
1 0.18212890625 0.6555989583333333 0.0224609375 0.02994791666666663
1 0.2705078125 0.345703125 0.048828125 0.09505208333333337
1 0.27392578125 0.2265625 0.0458984375 0.08854166666666666
1 0.20849609375 0.123046875 0.0751953125 0.11067708333333333
1 0.15625 0.35026041666666663 0.056640625 0.09114583333333331
1 0.20458984375 0.45638020833333337 0.0751953125 0.12890625000000006
1 0.12060546875 0.498046875 0.0810546875 0.14192708333333331
1 0.03271484375 0.38671875 0.0458984375 0.06770833333333337
1 0.333984375 0.015625 0.046875 0.03125
