0 0.474609375 0.259765625 0.138671875 0.23046875
0 0.49560546875 0.6302083333333334 0.1533203125 0.36718750000000006
0 0.9677734375 0.08138020833333333 0.064453125 0.16276041666666666
1 0.10986328125 0.548828125 0.0654296875 0.08463541666666674
1 0.0869140625 0.8235677083333333 0.123046875 0.35286458333333337
1 0.34912109375 0.435546875 0.0556640625 0.05078125
1 0.341796875 0.591796875 0.068359375 0.15755208333333326
1 0.2509765625 0.35611979166666663 0.0234375 0.037760416666666685
1 0.37451171875 0.23502604166666666 0.0322265625 0.06380208333333331
1 0.36328125 0.11588541666666666 0.052734375 0.05729166666666667
1 0.392578125 0.04296875 0.0625 0.0859375
1 0.716796875 0.10611979166666666 0.07421875 0.08463541666666667
1 0.5771484375 0.13606770833333331 0.025390625 0.04557291666666666
1 0.7734375 0.9622395833333334 0.048828125 0.0625
1 0.740234375 0.576171875 0.02734375 0.04036458333333326
