0 0.513671875 0.7194010416666667 0.060546875 0.09244791666666663
0 0.505859375 0.306640625 0.0546875 0.06901041666666663
0 0.50048828125 0.0234375 0.0263671875 0.046875
1 0.8935546875 0.46744791666666663 0.0234375 0.041666666666666685
1 0.93994140625 0.11197916666666666 0.0205078125 0.04166666666666667
1 0.24072265625 0.44010416666666663 0.0986328125 0.17447916666666669
1 0.25927734375 0.7298177083333334 0.0166015625 0.03515625
1 0.4306640625 0.748046875 0.033203125 0.05078125
1 0.04541015625 0.5657552083333333 0.0244140625 0.03776041666666663
1 0.2578125 0.22916666666666666 0.087890625 0.09895833333333331
1 0.2880859375 0.08919270833333334 0.103515625 0.13671875
1 0.177734375 0.080078125 0.05859375 0.055989583333333336
