0 0.4833984375 0.8470052083333333 0.0546875 0.11588541666666663
0 0.46875 0.4069010416666667 0.02734375 0.07421875
0 0.45556640625 0.037109375 0.0244140625 0.07421875
1 0.4052734375 0.501953125 0.060546875 0.12369791666666669
1 0.2158203125 0.5703125 0.05078125 0.078125
1 0.03076171875 0.6321614583333333 0.0439453125 0.07161458333333337
1 0.14111328125 0.01953125 0.0400390625 0.0390625
1 0.21337890625 0.8567708333333334 0.0361328125 0.0859375
1 0.22119140625 0.947265625 0.0341796875 0.04817708333333326
1 0.1015625 0.9856770833333333 0.033203125 0.02864583333333337
1 0.8525390625 0.5572916666666667 0.052734375 0.05989583333333337
1 0.97314453125 0.6022135416666667 0.0263671875 0.04557291666666663
1 0.892578125 0.404296875 0.029296875 0.04817708333333337
1 0.86376953125 0.06575520833333333 0.0322265625 0.05078124999999999
