0 0.5107421875 0.43815104166666663 0.048828125 0.10026041666666669
0 0.47705078125 0.050130208333333336 0.0439453125 0.09505208333333333
1 0.29638671875 0.26171875 0.0615234375 0.08072916666666666
1 0.32275390625 0.14973958333333334 0.0302734375 0.05208333333333333
1 0.1337890625 0.3515625 0.041015625 0.06510416666666663
1 0.27001953125 0.6549479166666667 0.0908203125 0.08072916666666663
1 0.39306640625 0.818359375 0.0263671875 0.02994791666666674
1 0.357421875 0.9016927083333333 0.0234375 0.04036458333333337
1 0.3828125 0.939453125 0.021484375 0.02473958333333326
1 0.0234375 0.9596354166666667 0.033203125 0.06510416666666663
1 0.083984375 0.966796875 0.025390625 0.02734375
1 0.75830078125 0.05924479166666667 0.0205078125 0.029947916666666664
1 0.79150390625 0.016276041666666668 0.0283203125 0.032552083333333336
