0 0.57861328125 0.146484375 0.0849609375 0.10807291666666667
0 0.5205078125 0.7395833333333333 0.05859375 0.10677083333333337
1 0.509765625 0.30989583333333337 0.04296875 0.08333333333333331
1 0.69970703125 0.142578125 0.0302734375 0.04036458333333333
1 0.20068359375 0.6139322916666667 0.0419921875 0.07161458333333337
1 0.20556640625 0.5006510416666666 0.0419921875 0.06640624999999994
1 0.1494140625 0.4674479166666667 0.080078125 0.09114583333333337
1 0.01416015625 0.5807291666666667 0.0283203125 0.06770833333333337
1 0.0078125 0.48828125 0.015625 0.036458333333333315
1 0.1572265625 0.12239583333333334 0.037109375 0.054687500000000014
1 0.01708984375 0.8294270833333333 0.0341796875 0.03645833333333337
1 0.0712890625 0.8893229166666667 0.060546875 0.06510416666666663
1 0.96875 0.8951822916666667 0.037109375 0.04817708333333337
1 0.56591796875 0.5716145833333333 0.0478515625 0.03645833333333337
1 0.18896484375 0.17252604166666669 0.0322265625 0.04036458333333334
1 0.26220703125 0.22395833333333334 0.0400390625 0.0390625
1 0.26806640625 0.12825520833333334 0.0400390625 0.050781250000000014
1 0.0810546875 0.42903645833333337 0.025390625 0.037760416666666685
1 0.36962890625 0.6321614583333333 0.0595703125 0.06119791666666663
