0 0.55126953125 0.18619791666666666 0.0400390625 0.0859375
0 0.5546875 0.6106770833333334 0.03125 0.0703125
1 0.125 0.9830729166666667 0.037109375 0.03385416666666663
1 0.19091796875 0.8697916666666667 0.0595703125 0.05989583333333337
1 0.2431640625 0.9322916666666666 0.0625 0.1171875
1 0.95166015625 0.23307291666666669 0.0751953125 0.11979166666666666
1 0.880859375 0.6608072916666667 0.0546875 0.09244791666666663
1 0.94287109375 0.7376302083333333 0.0361328125 0.03776041666666663
1 0.94873046875 0.9251302083333334 0.0869140625 0.11328125
1 0.7578125 0.9283854166666666 0.041015625 0.09375
1 0.806640625 0.98046875 0.091796875 0.0390625
