1 0.14697265625 0.5364583333333334 0.0673828125 0.09375000000000006
1 0.36083984375 0.181640625 0.0595703125 0.07421875
1 0.70947265625 0.3359375 0.0361328125 0.05729166666666663
1 0.67822265625 0.451171875 0.0146484375 0.02473958333333337
1 0.85888671875 0.6595052083333333 0.0517578125 0.11067708333333337
1 0.7724609375 0.716796875 0.01953125 0.03515625
0 0.52099609375 0.38802083333333337 0.0400390625 0.057291666666666685
0 0.50732421875 0.07942708333333333 0.0322265625 0.0703125
0 0.5478515625 0.8365885416666667 0.02734375 0.07942708333333337
1 0.14208984375 0.29296875 0.0322265625 0.04166666666666663
