0 0.47705078125 0.599609375 0.0478515625 0.08723958333333326
0 0.484375 0.134765625 0.04296875 0.08463541666666667
1 0.60986328125 0.421875 0.0302734375 0.0703125
1 0.97900390625 0.5078125 0.0419921875 0.13541666666666669
1 0.919921875 0.7350260416666667 0.0546875 0.08463541666666663
1 0.96435546875 0.951171875 0.0712890625 0.09765625
1 0.19873046875 0.50390625 0.0615234375 0.09114583333333331
1 0.27587890625 0.3938802083333333 0.0263671875 0.02734375
1 0.1630859375 0.9680989583333333 0.056640625 0.06380208333333337
1 0.08203125 0.158203125 0.02734375 0.040364583333333315
1 0.17236328125 0.6373697916666667 0.0458984375 0.09505208333333337
