0 0.4794921875 0.21744791666666666 0.255859375 0.4036458333333333
0 0.47509765625 0.6276041666666666 0.2080078125 0.37499999999999994
0 0.4658203125 0.9446614583333333 0.216796875 0.11067708333333337
1 0.115234375 0.7083333333333333 0.11328125 0.20833333333333337
1 0.14404296875 0.48567708333333337 0.0693359375 0.09895833333333331
1 0.22607421875 0.380859375 0.0751953125 0.10286458333333337
1 0.27734375 0.35286458333333337 0.0390625 0.052083333333333315
1 0.16162109375 0.146484375 0.1103515625 0.13932291666666669
1 0.01123046875 0.11197916666666667 0.0224609375 0.0234375
1 0.14599609375 0.34895833333333337 0.0654296875 0.057291666666666685
1 0.6328125 0.8548177083333333 0.142578125 0.17317708333333337
1 0.8798828125 0.9147135416666667 0.095703125 0.11588541666666663
1 0.93310546875 0.86328125 0.1025390625 0.140625
1 0.85791015625 0.5091145833333334 0.1123046875 0.21093750000000006
1 0.76953125 0.41536458333333337 0.060546875 0.14322916666666669
1 0.8466796875 0.6217447916666666 0.056640625 0.07421875
1 0.85302734375 0.7200520833333334 0.0810546875 0.1328125
1 0.7705078125 0.7109375 0.0546875 0.0625
1 0.71337890625 0.5852864583333333 0.0419921875 0.06119791666666663
1 0.74658203125 0.556640625 0.0205078125 0.03515625
1 0.97900390625 0.31575520833333337 0.0419921875 0.06380208333333331
1 0.85205078125 0.28776041666666663 0.1162109375 0.13020833333333331
1 0.79931640625 0.103515625 0.1630859375 0.20703125
1 0.65234375 0.039713541666666664 0.03515625 0.07942708333333333
1 0.6640625 0.1484375 0.029296875 0.0390625
1 0.20166015625 0.7981770833333333 0.0185546875 0.02864583333333337
1 0.037109375 0.8548177083333334 0.01953125 0.01953125
1 0.08203125 0.28190104166666663 0.01953125 0.024739583333333315
