1 0.49072265625 0.17838541666666666 0.0556640625 0.1015625
1 0.4990234375 0.5442708333333334 0.04296875 0.0859375
1 0.77587890625 0.9622395833333333 0.0791015625 0.07552083333333337
1 0.95654296875 0.43619791666666663 0.0869140625 0.11458333333333331
1 0.8798828125 0.5084635416666666 0.025390625 0.027343749999999944
1 0.82568359375 0.7154947916666667 0.0498046875 0.06380208333333337
1 0.78955078125 0.043619791666666664 0.0771484375 0.08723958333333333
1 0.62548828125 0.013671875 0.0302734375 0.02734375
1 0.34326171875 0.5520833333333333 0.0673828125 0.09635416666666663
1 0.30419921875 0.08919270833333333 0.0458984375 0.055989583333333336
1 0.09326171875 0.546875 0.0419921875 0.08072916666666674
1 0.03662109375 0.484375 0.0732421875 0.2604166666666667
1 0.18798828125 0.7408854166666667 0.0185546875 0.02083333333333337
1 0.19091796875 0.7916666666666667 0.0498046875 0.08072916666666663
1 0.06298828125 0.7903645833333334 0.0830078125 0.1015625
1 0.1962890625 0.365234375 0.02734375 0.03255208333333337
