0 0.4951171875 0.4537760416666667 0.052734375 0.14192708333333337
0 0.51318359375 0.9583333333333333 0.0478515625 0.08333333333333337
0 0.478515625 0.04752604166666667 0.0390625 0.08203125
1 0.6025390625 0.41145833333333337 0.03515625 0.06510416666666669
1 0.66162109375 0.380859375 0.0478515625 0.08463541666666663
1 0.6181640625 0.5904947916666667 0.06640625 0.06901041666666663
1 0.630859375 0.7708333333333334 0.03515625 0.0546875
1 0.27490234375 0.41341145833333337 0.0263671875 0.037760416666666685
1 0.041015625 0.8020833333333333 0.076171875 0.08333333333333337
1 0.02880859375 0.109375 0.0576171875 0.07552083333333333
