0 0.46875 0.16341145833333334 0.16796875 0.2565104166666667
0 0.484375 0.6139322916666666 0.197265625 0.3815104166666667
0 0.98828125 0.10221354166666667 0.0234375 0.13411458333333334
1 0.24560546875 0.8899739583333333 0.1259765625 0.19401041666666663
1 0.1171875 0.763671875 0.04296875 0.05078125
1 0.34326171875 0.580078125 0.0537109375 0.08203125
1 0.3662109375 0.8072916666666667 0.03125 0.05208333333333337
1 0.16162109375 0.041015625 0.0302734375 0.05859375
1 0.162109375 0.16471354166666669 0.072265625 0.10286458333333334
1 0.30029296875 0.115234375 0.0322265625 0.05338541666666667
1 0.3134765625 0.19205729166666669 0.025390625 0.08463541666666666
1 0.3486328125 0.13932291666666666 0.03125 0.04166666666666667
1 0.33544921875 0.3782552083333333 0.0498046875 0.08203125
1 0.37646484375 0.43359375 0.0400390625 0.0859375
1 0.3779296875 0.2760416666666667 0.072265625 0.10937500000000003
1 0.42919921875 0.8333333333333333 0.0224609375 0.03385416666666663
1 0.796875 0.435546875 0.03125 0.04557291666666663
1 0.984375 0.388671875 0.03125 0.02213541666666663
1 0.98828125 0.240234375 0.0234375 0.01953125
