0 0.048828125 0.10677083333333333 0.09765625 0.21354166666666666
0 0.56494140625 0.041015625 0.1123046875 0.08203125
0 0.54833984375 0.353515625 0.1982421875 0.30598958333333326
0 0.5390625 0.81640625 0.21484375 0.35416666666666674
1 0.33349609375 0.9329427083333333 0.0322265625 0.06380208333333337
1 0.81591796875 0.10677083333333334 0.0927734375 0.2109375
1 0.8720703125 0.40950520833333337 0.091796875 0.20442708333333331
1 0.88427734375 0.74609375 0.0654296875 0.15625
1 0.97998046875 0.791015625 0.0400390625 0.08723958333333326
1 0.9716796875 0.9479166666666667 0.056640625 0.10416666666666663
1 0.89453125 0.9720052083333333 0.068359375 0.05598958333333337
