0 0.51123046875 0.06966145833333333 0.1650390625 0.13932291666666666
0 0.9755859375 0.06575520833333333 0.048828125 0.13151041666666666
0 0.48876953125 0.365234375 0.1259765625 0.15234375
0 0.49609375 0.859375 0.208984375 0.26041666666666674
1 0.22216796875 0.13606770833333334 0.1142578125 0.12630208333333331
1 0.2802734375 0.03515625 0.037109375 0.0546875
1 0.18994140625 0.037760416666666664 0.0458984375 0.057291666666666664
1 0.21533203125 0.388671875 0.0537109375 0.06640625
1 0.1474609375 0.4283854166666667 0.064453125 0.078125
1 0.1669921875 0.5729166666666666 0.0546875 0.0859375
1 0.125 0.6770833333333334 0.041015625 0.0546875
1 0.1240234375 0.8645833333333334 0.162109375 0.1875
1 0.02099609375 0.8977864583333334 0.0361328125 0.04296875
1 0.1552734375 0.9837239583333333 0.125 0.03255208333333337
1 0.2744140625 0.548828125 0.0234375 0.03515625
1 0.30029296875 0.6360677083333334 0.0400390625 0.06640625
1 0.365234375 0.76171875 0.0625 0.07552083333333326
1 0.4072265625 0.4140625 0.05078125 0.13802083333333337
1 0.6806640625 0.0703125 0.0859375 0.12760416666666669
1 0.7421875 0.28255208333333337 0.13671875 0.23697916666666669
1 0.755859375 0.13736979166666669 0.048828125 0.07161458333333334
1 0.73193359375 0.431640625 0.0595703125 0.07942708333333337
1 0.791015625 0.44140625 0.04296875 0.046875
1 0.6513671875 0.37109375 0.0234375 0.03645833333333337
1 0.7802734375 0.5319010416666666 0.056640625 0.08984374999999994
1 0.81005859375 0.8020833333333334 0.1826171875 0.203125
1 0.9033203125 0.8958333333333333 0.0703125 0.08333333333333337
1 0.80908203125 0.974609375 0.0537109375 0.05078125
1 0.91162109375 0.578125 0.0576171875 0.12239583333333326
1 0.96435546875 0.22916666666666669 0.0712890625 0.17447916666666666
1 0.875 0.38671875 0.03125 0.05989583333333337
1 0.88330078125 0.05924479166666667 0.0322265625 0.053385416666666664
1 0.390625 0.06575520833333333 0.046875 0.06380208333333334
