1 0.5068359375 0.298828125 0.0625 0.06380208333333337
1 0.509765625 0.49348958333333337 0.03125 0.036458333333333315
1 0.5234375 0.5651041666666666 0.03125 0.0625
1 0.56787109375 0.6041666666666667 0.0263671875 0.04166666666666663
1 0.52197265625 0.966796875 0.0283203125 0.04036458333333326
1 0.81494140625 0.8951822916666667 0.0322265625 0.05598958333333337
1 0.5087890625 0.177734375 0.017578125 0.02734375
1 0.1025390625 0.5729166666666666 0.041015625 0.0703125
0 0.978515625 0.037109375 0.04296875 0.07421875
0 0.0205078125 0.024739583333333332 0.041015625 0.049479166666666664
0 0.67919921875 0.049479166666666664 0.0908203125 0.09895833333333333
0 0.72119140625 0.16796875 0.1123046875 0.16666666666666663
0 0.7607421875 0.36263020833333337 0.150390625 0.22005208333333331
0 0.955078125 0.8763020833333334 0.0 0.0
0 0.85009765625 0.6979166666666667 0.2099609375 0.35677083333333337
0 0.93359375 0.9557291666666667 0.1328125 0.08854166666666663
0 0.115234375 0.8391927083333333 0.23046875 0.32161458333333337
0 0.20361328125 0.4505208333333333 0.1748046875 0.23697916666666663
0 0.26806640625 0.23697916666666669 0.1123046875 0.19010416666666666
0 0.29150390625 0.09049479166666667 0.1123046875 0.13151041666666666
0 0.30908203125 0.016927083333333332 0.0849609375 0.033854166666666664
