0 0.50048828125 0.2669270833333333 0.0576171875 0.11458333333333334
0 0.5009765625 0.6705729166666666 0.044921875 0.0703125
1 0.72265625 0.36067708333333337 0.04296875 0.059895833333333315
1 0.78955078125 0.296875 0.0341796875 0.03125
1 0.78662109375 0.3548177083333333 0.0244140625 0.04296875
1 0.92529296875 0.29427083333333337 0.0302734375 0.052083333333333315
1 0.984375 0.31575520833333337 0.02734375 0.055989583333333315
1 0.92529296875 0.16341145833333334 0.0302734375 0.05859375
1 0.81396484375 0.06575520833333333 0.0244140625 0.03515624999999999
1 0.3076171875 0.55859375 0.029296875 0.0390625
1 0.34814453125 0.3404947916666667 0.0732421875 0.22265625000000003
1 0.21240234375 0.6803385416666667 0.0361328125 0.04557291666666663
1 0.29638671875 0.779296875 0.0634765625 0.05859375
1 0.32177734375 0.8528645833333333 0.0322265625 0.04947916666666663
1 0.908203125 0.9674479166666667 0.03515625 0.04947916666666663
