0 0.44970703125 0.220703125 0.1845703125 0.26953125
0 0.96142578125 0.13216145833333334 0.0771484375 0.22005208333333334
0 0.47802734375 0.6881510416666666 0.1943359375 0.4049479166666667
1 0.072265625 0.7513020833333333 0.1015625 0.20052083333333337
1 0.0439453125 0.9296875 0.087890625 0.13802083333333326
1 0.35791015625 0.9817708333333333 0.0341796875 0.03645833333333337
1 0.3095703125 0.681640625 0.06640625 0.31380208333333326
1 0.3916015625 0.4205729166666667 0.1015625 0.22395833333333337
1 0.310546875 0.27408854166666663 0.083984375 0.08723958333333331
1 0.318359375 0.40234375 0.03515625 0.08854166666666663
1 0.08740234375 0.54296875 0.1201171875 0.22135416666666669
1 0.029296875 0.3352864583333333 0.05859375 0.12109375
1 0.216796875 0.21940104166666669 0.115234375 0.21484375
1 0.115234375 0.205078125 0.080078125 0.25390625
1 0.39599609375 0.041015625 0.0263671875 0.04296875
1 0.14453125 0.031901041666666664 0.083984375 0.06380208333333333
1 0.85791015625 0.2747395833333333 0.0517578125 0.07812499999999997
1 0.8955078125 0.37109375 0.056640625 0.08333333333333337
1 0.97265625 0.45638020833333337 0.041015625 0.045572916666666685
1 0.96875 0.7962239583333333 0.05078125 0.12369791666666663
1 0.75146484375 0.7083333333333333 0.0400390625 0.12760416666666663
1 0.76416015625 0.8294270833333333 0.0537109375 0.04947916666666663
1 0.79150390625 0.07747395833333333 0.0302734375 0.06380208333333334
1 0.89990234375 0.037109375 0.0419921875 0.07421875
1 0.876953125 0.4876302083333333 0.068359375 0.09244791666666663
