0 0.447265625 0.029947916666666668 0.1015625 0.059895833333333336
0 0.455078125 0.265625 0.158203125 0.29947916666666663
0 0.46875 0.6829427083333334 0.203125 0.37109375000000006
0 0.52001953125 0.9772135416666667 0.1787109375 0.04557291666666663
1 0.7158203125 0.2109375 0.08203125 0.109375
1 0.708984375 0.057291666666666664 0.083984375 0.11458333333333333
0 0.97705078125 0.060546875 0.0458984375 0.12109375
1 0.9404296875 0.16861979166666669 0.0546875 0.07942708333333334
1 0.98046875 0.2649739583333333 0.0390625 0.04036458333333334
1 0.779296875 0.455078125 0.048828125 0.07421875
1 0.80029296875 0.6041666666666667 0.1044921875 0.16666666666666663
1 0.857421875 0.806640625 0.115234375 0.27473958333333326
1 0.32080078125 0.5240885416666667 0.0419921875 0.04557291666666663
1 0.203125 0.2819010416666667 0.048828125 0.06640625000000003
1 0.22021484375 0.17643229166666669 0.0458984375 0.05338541666666666
1 0.228515625 0.021484375 0.033203125 0.04296875
