0 0.50830078125 0.14453125 0.1728515625 0.2890625
0 0.5234375 0.619140625 0.224609375 0.4231770833333333
1 0.111328125 0.8815104166666667 0.130859375 0.23697916666666663
1 0.212890625 0.9765625 0.037109375 0.046875
1 0.3095703125 0.9264322916666667 0.080078125 0.10807291666666663
1 0.4091796875 0.9759114583333333 0.037109375 0.04817708333333337
1 0.44970703125 0.8424479166666667 0.0947265625 0.14322916666666663
1 0.8154296875 0.9283854166666667 0.07421875 0.14322916666666663
1 0.87451171875 0.7838541666666667 0.0595703125 0.11197916666666663
1 0.96044921875 0.6510416666666667 0.0302734375 0.08333333333333337
1 0.98974609375 0.7122395833333334 0.0205078125 0.0859375
1 0.96533203125 0.8216145833333333 0.0439453125 0.07291666666666663
1 0.79150390625 0.3645833333333333 0.1376953125 0.30729166666666663
1 0.81640625 0.5768229166666666 0.046875 0.0703125
1 0.68798828125 0.603515625 0.0322265625 0.12369791666666674
1 0.67919921875 0.4388020833333333 0.0712890625 0.0859375
1 0.654296875 0.33658854166666663 0.0546875 0.07161458333333331
1 0.380859375 0.19466145833333334 0.078125 0.13932291666666669
1 0.3505859375 0.68359375 0.103515625 0.1640625
1 0.2939453125 0.059244791666666664 0.212890625 0.11588541666666667
1 0.28759765625 0.22200520833333334 0.0869140625 0.10026041666666669
1 0.19775390625 0.18684895833333334 0.0693359375 0.12109375
1 0.07666015625 0.12434895833333333 0.1533203125 0.20963541666666666
1 0.0419921875 0.27669270833333337 0.083984375 0.08463541666666669
1 0.13330078125 0.2942708333333333 0.0458984375 0.046875
1 0.162109375 0.48958333333333337 0.162109375 0.3020833333333333
1 0.056640625 0.443359375 0.05859375 0.12369791666666669
1 0.09716796875 0.55078125 0.0849609375 0.08072916666666674
1 0.1064453125 0.65625 0.0703125 0.08854166666666674
1 0.2734375 0.6985677083333333 0.029296875 0.04036458333333337
1 0.25244140625 0.38997395833333337 0.0458984375 0.13151041666666669
1 0.32373046875 0.35872395833333337 0.0380859375 0.048177083333333315
1 0.3193359375 0.4453125 0.041015625 0.09635416666666663
1 0.2724609375 0.5325520833333334 0.0859375 0.12239583333333331
1 0.01513671875 0.3639322916666667 0.0302734375 0.06640625
1 0.03515625 0.94921875 0.0703125 0.1015625
1 0.7255859375 0.9830729166666667 0.041015625 0.03385416666666663
