1 0.48046875 0.28450520833333337 0.044921875 0.055989583333333315
1 0.498046875 0.38216145833333337 0.048828125 0.06380208333333331
1 0.43505859375 0.61328125 0.0654296875 0.06770833333333326
1 0.474609375 0.74609375 0.037109375 0.06770833333333326
1 0.54931640625 0.73046875 0.0791015625 0.109375
1 0.3642578125 0.8684895833333334 0.052734375 0.0703125
1 0.443359375 0.9557291666666667 0.025390625 0.07291666666666663
1 0.6376953125 0.5748697916666666 0.021484375 0.03515625
1 0.6884765625 0.640625 0.0078125 0.02083333333333326
1 0.6923828125 0.66796875 0.01171875 0.01822916666666674
1 0.8125 0.6653645833333333 0.03515625 0.04947916666666663
1 0.33642578125 0.37825520833333337 0.0439453125 0.06901041666666669
1 0.33056640625 0.49934895833333337 0.0166015625 0.024739583333333315
1 0.25048828125 0.6263020833333334 0.0283203125 0.0390625
1 0.0537109375 0.23502604166666666 0.01953125 0.055989583333333315
0 0.23583984375 0.12434895833333334 0.1552734375 0.23046875
0 0.1884765625 0.42513020833333337 0.208984375 0.30859375000000006
0 0.12255859375 0.818359375 0.2451171875 0.36067708333333326
0 0.90478515625 0.7884114583333333 0.1904296875 0.42317708333333337
0 0.83251953125 0.42513020833333337 0.2158203125 0.2669270833333333
0 0.78125 0.14713541666666666 0.1640625 0.22135416666666666
0 0.7607421875 0.016276041666666668 0.107421875 0.029947916666666668
1 0.57177734375 0.28645833333333337 0.0263671875 0.059895833333333315
1 0.58349609375 0.328125 0.0146484375 0.02083333333333337
1 0.53271484375 0.591796875 0.0185546875 0.02994791666666674
1 0.67431640625 0.8932291666666666 0.0107421875 0.0234375
1 0.96728515625 0.18619791666666666 0.0302734375 0.03125
1 0.48486328125 0.10677083333333334 0.0244140625 0.02864583333333333
1 0.54296875 0.11067708333333334 0.046875 0.06250000000000001
1 0.0126953125 0.3001302083333333 0.013671875 0.02734375
1 0.10009765625 0.14778645833333331 0.0185546875 0.022135416666666657
1 0.123046875 0.05989583333333333 0.029296875 0.044270833333333336
1 0.07275390625 0.024739583333333332 0.0205078125 0.033854166666666664
