0 0.08251953125 0.6712239583333333 0.0478515625 0.07682291666666663
0 0.177734375 0.2708333333333333 0.037109375 0.07812499999999997
0 0.73193359375 0.22200520833333331 0.0244140625 0.07161458333333334
0 0.78955078125 0.4889322916666667 0.0224609375 0.07161458333333337
0 0.87451171875 0.90625 0.0361328125 0.08333333333333326
0 0.89892578125 0.92578125 0.0263671875 0.08333333333333326
1 0.60791015625 0.21875 0.0400390625 0.06770833333333334
1 0.32373046875 0.6881510416666667 0.1181640625 0.11588541666666663
1 0.3125 0.5625 0.07421875 0.10416666666666674
1 0.4013671875 0.5885416666666667 0.052734375 0.07552083333333337
1 0.361328125 0.3255208333333333 0.048828125 0.09375
1 0.91943359375 0.4186197916666667 0.0263671875 0.04296875
