0 0.26123046875 0.07096354166666667 0.1162109375 0.13932291666666666
0 0.2265625 0.255859375 0.14453125 0.17317708333333334
0 0.154296875 0.5950520833333334 0.185546875 0.2942708333333333
0 0.08349609375 0.9654947916666667 0.1669921875 0.06901041666666663
0 0.67626953125 0.0703125 0.1103515625 0.140625
0 0.734375 0.216796875 0.150390625 0.20963541666666663
0 0.8115234375 0.5110677083333334 0.169921875 0.30078125000000006
0 0.90380859375 0.8671875 0.1923828125 0.265625
1 0.48388671875 0.43359375 0.0244140625 0.04166666666666663
1 0.501953125 0.3235677083333333 0.025390625 0.07421875
1 0.51123046875 0.2584635416666667 0.0224609375 0.03776041666666666
1 0.47265625 0.09244791666666667 0.033203125 0.0390625
1 0.48876953125 0.5123697916666666 0.0244140625 0.037760416666666685
1 0.486328125 0.5846354166666667 0.03515625 0.04166666666666663
1 0.5234375 0.7272135416666667 0.02734375 0.05598958333333337
1 0.59716796875 0.7779947916666667 0.0361328125 0.04036458333333337
1 0.73046875 0.7220052083333333 0.041015625 0.10026041666666663
1 0.58544921875 0.9518229166666667 0.0615234375 0.08854166666666663
1 0.65478515625 0.9251302083333333 0.0146484375 0.03255208333333337
1 0.54248046875 0.9889322916666667 0.0341796875 0.02213541666666663
1 0.27490234375 0.94140625 0.0146484375 0.03125
1 0.236328125 0.8528645833333334 0.02734375 0.0390625
1 0.23681640625 0.98828125 0.0185546875 0.0234375
1 0.95361328125 0.13541666666666666 0.0341796875 0.054687499999999986
0 0.990234375 0.024739583333333332 0.01953125 0.049479166666666664
