0 0.82421875 0.5208333333333333 0.041015625 0.10416666666666663
0 0.83251953125 0.546875 0.0185546875 0.06770833333333326
0 0.7548828125 0.22526041666666669 0.029296875 0.08593750000000003
1 0.3349609375 0.77734375 0.025390625 0.04427083333333326
1 0.06005859375 0.154296875 0.0166015625 0.024739583333333315
0 0.21875 0.10026041666666667 0.052734375 0.08854166666666666
2 0.20458984375 0.2532552083333333 0.0712890625 0.07161458333333334
0 0.06982421875 0.7975260416666667 0.0458984375 0.08463541666666663
1 0.42822265625 0.419921875 0.0341796875 0.04036458333333337
1 0.4931640625 0.40169270833333337 0.033203125 0.048177083333333315
1 0.36962890625 0.40690104166666663 0.0400390625 0.053385416666666685
1 0.97802734375 0.05208333333333333 0.0283203125 0.036458333333333336
1 0.94970703125 0.09700520833333333 0.0205078125 0.03515625
1 0.537109375 0.154296875 0.0234375 0.037760416666666685
