0 0.27099609375 0.1171875 0.0263671875 0.078125
0 0.75048828125 0.2669270833333333 0.0224609375 0.08593749999999997
0 0.8046875 0.60546875 0.04296875 0.08072916666666674
0 0.705078125 0.044270833333333336 0.025390625 0.08072916666666667
2 0.41748046875 0.923828125 0.0322265625 0.07421875
0 0.1416015625 0.7799479166666666 0.03515625 0.0546875
0 0.21875 0.37044270833333337 0.046875 0.08723958333333331
2 0.51806640625 0.67578125 0.0205078125 0.07291666666666674
2 0.5458984375 0.6790364583333334 0.01953125 0.05859375
2 0.498046875 0.5657552083333333 0.02734375 0.05598958333333337
2 0.515625 0.10416666666666667 0.03515625 0.04427083333333334
