0 0.70458984375 0.2701822916666667 0.0419921875 0.10546875000000003
0 0.75537109375 0.6764322916666666 0.0576171875 0.14453125
2 0.173828125 0.7643229166666666 0.169921875 0.328125
0 0.1259765625 0.24739583333333334 0.02734375 0.08854166666666669
0 0.19384765625 0.03841145833333333 0.0302734375 0.05859374999999999
1 0.49169921875 0.6145833333333333 0.0498046875 0.06770833333333337
1 0.45751953125 0.6575520833333334 0.0302734375 0.0390625
1 0.6181640625 0.9466145833333333 0.0625 0.10677083333333337
1 0.5078125 0.892578125 0.03515625 0.07682291666666674
0 0.04150390625 0.59765625 0.0322265625 0.078125
1 0.87841796875 0.93359375 0.0751953125 0.109375
1 0.83544921875 0.5670572916666667 0.0419921875 0.09244791666666663
1 0.87255859375 0.6471354166666667 0.0361328125 0.06510416666666663
1 0.84619140625 0.7102864583333333 0.0439453125 0.10807291666666663
1 0.9453125 0.484375 0.03515625 0.06510416666666669
1 0.84033203125 0.47200520833333337 0.0244140625 0.040364583333333315
1 0.796875 0.42708333333333337 0.041015625 0.09114583333333331
1 0.70458984375 0.546875 0.0361328125 0.0859375
