1 0.59619140625 0.125 0.0380859375 0.05989583333333333
1 0.6044921875 0.4134114583333333 0.03125 0.04296875
1 0.44287109375 0.7057291666666667 0.0380859375 0.08854166666666663
1 0.46435546875 0.8723958333333334 0.0498046875 0.078125
0 0.2373046875 0.6861979166666666 0.05859375 0.0703125
0 0.283203125 0.39713541666666663 0.0390625 0.08333333333333331
0 0.34619140625 0.10677083333333333 0.0166015625 0.04166666666666666
0 0.7890625 0.29231770833333337 0.0390625 0.07942708333333331
1 0.84619140625 0.022135416666666668 0.0361328125 0.036458333333333336
2 0.89453125 0.7630208333333333 0.041015625 0.08854166666666663
1 0.0927734375 0.30794270833333337 0.015625 0.024739583333333315
1 0.1318359375 0.3704427083333333 0.013671875 0.02734375
1 0.10693359375 0.12825520833333331 0.0322265625 0.05338541666666666
0 0.0283203125 0.043619791666666664 0.04296875 0.06380208333333333
0 0.3642578125 0.015625 0.01953125 0.026041666666666664
2 0.4677734375 0.040364583333333336 0.03515625 0.06770833333333333
0 0.73681640625 0.14518229166666669 0.0126953125 0.04036458333333334
