0 0.02734375 0.055989583333333336 0.0546875 0.11197916666666667
0 0.54345703125 0.06575520833333333 0.1474609375 0.13151041666666666
0 0.5458984375 0.3776041666666667 0.208984375 0.27864583333333337
0 0.525390625 0.8359375 0.23828125 0.328125
1 0.46435546875 0.4498697916666667 0.1376953125 0.26692708333333337
1 0.75927734375 0.05078125 0.0478515625 0.1015625
1 0.8046875 0.12760416666666669 0.08203125 0.10677083333333334
1 0.81591796875 0.42903645833333337 0.0380859375 0.09244791666666669
1 0.8876953125 0.875 0.044921875 0.0625
1 0.80419921875 0.888671875 0.1396484375 0.22265625
1 0.087890625 0.931640625 0.0234375 0.04817708333333326
