0 0.287109375 0.018229166666666668 0.09765625 0.036458333333333336
0 0.259765625 0.11783854166666667 0.126953125 0.16536458333333334
0 0.1865234375 0.42317708333333337 0.18359375 0.23437500000000006
0 0.10400390625 0.8268229166666667 0.2080078125 0.34635416666666663
0 0.80078125 0.162109375 0.16015625 0.21744791666666666
0 0.76220703125 0.016276041666666668 0.1298828125 0.032552083333333336
0 0.87548828125 0.4720052083333333 0.2138671875 0.32682291666666663
0 0.923828125 0.8411458333333333 0.15234375 0.31770833333333337
1 0.6533203125 0.21744791666666669 0.017578125 0.028645833333333343
1 0.42138671875 0.5104166666666666 0.0224609375 0.049479166666666685
1 0.353515625 0.8248697916666666 0.009765625 0.04296875
1 0.44677734375 0.87890625 0.0126953125 0.05208333333333326
1 0.462890625 0.970703125 0.021484375 0.04296875
1 0.3896484375 0.9759114583333333 0.017578125 0.02473958333333337
1 0.22119140625 0.67578125 0.0810546875 0.16145833333333326
1 0.34326171875 0.08138020833333333 0.0283203125 0.05859374999999999
1 0.986328125 0.19661458333333334 0.02734375 0.046875
1 0.79150390625 0.04036458333333333 0.1005859375 0.046875
