1 0.4853515625 0.042317708333333336 0.037109375 0.06119791666666667
1 0.43798828125 0.44856770833333337 0.0146484375 0.029947916666666685
1 0.50146484375 0.7623697916666667 0.0244140625 0.03776041666666663
1 0.37255859375 0.810546875 0.0439453125 0.09244791666666674
0 0.0986328125 0.59375 0.05078125 0.125
0 0.18603515625 0.294921875 0.0341796875 0.08723958333333337
0 0.2255859375 0.041666666666666664 0.029296875 0.07291666666666667
0 0.79150390625 0.8971354166666667 0.0517578125 0.15104166666666663
0 0.740234375 0.46484375 0.01953125 0.0703125
0 0.6943359375 0.13541666666666669 0.029296875 0.09895833333333334
