1 0.23974609375 0.13151041666666666 0.0478515625 0.07291666666666667
1 0.31982421875 0.24479166666666666 0.0341796875 0.052083333333333315
1 0.3564453125 0.022786458333333332 0.052734375 0.045572916666666664
1 0.1650390625 0.24283854166666669 0.03515625 0.05078125000000003
1 0.23974609375 0.3899739583333333 0.0576171875 0.08203125
1 0.29638671875 0.5006510416666666 0.0478515625 0.09244791666666669
1 0.21923828125 0.5 0.0205078125 0.03125
1 0.28271484375 0.7259114583333333 0.0361328125 0.03776041666666663
1 0.3330078125 0.6334635416666667 0.017578125 0.02213541666666663
1 0.7451171875 0.19270833333333331 0.041015625 0.04947916666666666
1 0.84423828125 0.24544270833333331 0.0224609375 0.03255208333333334
1 0.73193359375 0.3528645833333333 0.0205078125 0.03125
0 0.52978515625 0.8014322916666666 0.0419921875 0.11328125
0 0.5419921875 0.322265625 0.029296875 0.06901041666666663
