0 0.47021484375 0.09049479166666667 0.1689453125 0.18098958333333334
0 0.47607421875 0.38606770833333337 0.1845703125 0.33203125
0 0.4775390625 0.791015625 0.234375 0.41796875
0 0.9814453125 0.2421875 0.037109375 0.14583333333333334
0 0.96484375 0.037760416666666664 0.0703125 0.07552083333333333
1 0.16455078125 0.34440104166666663 0.0380859375 0.061197916666666685
1 0.18359375 0.18880208333333334 0.0546875 0.109375
1 0.00927734375 0.43424479166666663 0.0185546875 0.06901041666666669
1 0.134765625 0.5143229166666667 0.0390625 0.07552083333333337
1 0.1875 0.5514322916666667 0.03125 0.05598958333333337
1 0.04541015625 0.9212239583333334 0.0556640625 0.09765625
1 0.7197265625 0.076171875 0.05859375 0.15234375
1 0.6982421875 0.20963541666666666 0.078125 0.15364583333333331
1 0.625 0.2643229166666667 0.04296875 0.10416666666666666
1 0.76806640625 0.345703125 0.0869140625 0.13151041666666663
1 0.7646484375 0.21549479166666666 0.025390625 0.05078125
1 0.7978515625 0.537109375 0.060546875 0.15234375
1 0.78466796875 0.7981770833333333 0.0673828125 0.09635416666666663
1 0.83740234375 0.9537760416666667 0.0927734375 0.09244791666666663
