0 0.48193359375 0.13216145833333334 0.2041015625 0.2643229166666667
0 0.48388671875 0.49739583333333337 0.2275390625 0.4583333333333333
1 0.96142578125 0.24348958333333331 0.0771484375 0.09374999999999997
1 0.89404296875 0.2669270833333333 0.0537109375 0.08333333333333334
1 0.92333984375 0.37174479166666663 0.0751953125 0.09505208333333331
1 0.7939453125 0.49153645833333337 0.123046875 0.11328125000000006
1 0.8310546875 0.6881510416666667 0.134765625 0.17057291666666663
1 0.84033203125 0.9361979166666667 0.0966796875 0.12760416666666663
1 0.08544921875 0.9453125 0.1708984375 0.109375
1 0.083984375 0.7024739583333333 0.16796875 0.30598958333333337
1 0.28759765625 0.48177083333333337 0.0498046875 0.07031250000000006
1 0.28076171875 0.30598958333333337 0.0986328125 0.12760416666666669
1 0.3095703125 0.228515625 0.037109375 0.04817708333333334
1 0.20166015625 0.39713541666666663 0.0458984375 0.057291666666666685
1 0.03857421875 0.47395833333333337 0.0361328125 0.059895833333333315
1 0.07470703125 0.35546875 0.0322265625 0.08854166666666663
1 0.13427734375 0.09700520833333333 0.1533203125 0.19401041666666666
1 0.7666015625 0.13932291666666666 0.078125 0.1640625
1 0.6767578125 0.2819010416666667 0.02734375 0.06901041666666666
1 0.7001953125 0.216796875 0.02734375 0.061197916666666685
1 0.75146484375 0.009114583333333334 0.0322265625 0.018229166666666668
1 0.6220703125 0.8287760416666667 0.09375 0.17838541666666663
1 0.6787109375 0.740234375 0.029296875 0.06380208333333326
1 0.4326171875 0.828125 0.150390625 0.09895833333333326
