1 0.61474609375 0.576171875 0.0302734375 0.06119791666666674
1 0.52001953125 0.6087239583333334 0.0205078125 0.03515625
1 0.50048828125 0.9524739583333333 0.0322265625 0.04817708333333337
1 0.927734375 0.12890625 0.04296875 0.078125
1 0.10791015625 0.11393229166666666 0.0263671875 0.035156249999999986
1 0.0556640625 0.19596354166666666 0.017578125 0.01953125
1 0.03125 0.380859375 0.013671875 0.02473958333333337
0 0.18896484375 0.5377604166666667 0.0302734375 0.05989583333333337
0 0.08154296875 0.9752604166666667 0.0576171875 0.04947916666666663
2 0.76806640625 0.86328125 0.0419921875 0.078125
0 0.84130859375 0.5651041666666666 0.0517578125 0.109375
0 0.76123046875 0.22265625 0.0244140625 0.06510416666666666
1 0.28173828125 0.39453125 0.0185546875 0.02864583333333337
0 0.2275390625 0.19791666666666666 0.01953125 0.046875
