0 0.50341796875 0.076171875 0.1787109375 0.15234375
0 0.51025390625 0.376953125 0.2509765625 0.38932291666666674
0 0.49609375 0.80078125 0.28515625 0.3984375
0 0.9755859375 0.06380208333333333 0.048828125 0.12760416666666666
1 0.79931640625 0.6705729166666667 0.0595703125 0.09114583333333337
1 0.88818359375 0.6204427083333333 0.0693359375 0.12369791666666663
1 0.81640625 0.33984375 0.12109375 0.16927083333333337
1 0.77734375 0.14908854166666666 0.123046875 0.19401041666666666
1 0.79248046875 0.041666666666666664 0.0673828125 0.08333333333333333
1 0.65966796875 0.1015625 0.0498046875 0.08072916666666669
1 0.1181640625 0.7708333333333333 0.111328125 0.29166666666666663
1 0.22021484375 0.20182291666666666 0.0380859375 0.0625
1 0.21240234375 0.3020833333333333 0.0751953125 0.11458333333333334
