0 0.45703125 0.07486979166666667 0.14453125 0.14973958333333334
0 0.458984375 0.32096354166666663 0.166015625 0.2981770833333333
0 0.4951171875 0.8157552083333333 0.205078125 0.36848958333333337
0 0.97021484375 0.17643229166666669 0.0595703125 0.21484375
1 0.9052734375 0.392578125 0.0546875 0.12630208333333337
1 0.88623046875 0.189453125 0.0263671875 0.040364583333333315
1 0.67041015625 0.20638020833333334 0.0185546875 0.03515625
1 0.83935546875 0.08268229166666667 0.0224609375 0.04296875000000001
0 0.96142578125 0.014973958333333334 0.0771484375 0.029947916666666668
1 0.330078125 0.427734375 0.05859375 0.05078125
1 0.14111328125 0.697265625 0.0556640625 0.06640625
1 0.03662109375 0.8151041666666667 0.0400390625 0.07291666666666663
1 0.10595703125 0.4765625 0.0537109375 0.04427083333333337
1 0.1552734375 0.353515625 0.0390625 0.04817708333333337
1 0.07080078125 0.3684895833333333 0.0673828125 0.078125
1 0.1572265625 0.08072916666666667 0.0390625 0.04687500000000001
1 0.025390625 0.28450520833333337 0.025390625 0.037760416666666685
1 0.12255859375 0.146484375 0.0283203125 0.02734375
1 0.24560546875 0.5618489583333333 0.0283203125 0.06901041666666663
1 0.24853515625 0.8287760416666667 0.0400390625 0.07161458333333337
