1 0.498046875 0.515625 0.01953125 0.046875
0 0.2392578125 0.5045572916666666 0.033203125 0.050781249999999944
0 0.1904296875 0.8430989583333334 0.03515625 0.11328125
0 0.95263671875 0.833984375 0.0283203125 0.11067708333333326
0 0.828125 0.47786458333333337 0.02734375 0.06770833333333331
1 0.857421875 0.09114583333333334 0.015625 0.03645833333333333
1 0.91259765625 0.11653645833333334 0.0205078125 0.03255208333333333
1 0.98046875 0.14713541666666669 0.021484375 0.03645833333333334
0 0.27490234375 0.28450520833333337 0.0283203125 0.055989583333333315
2 0.29296875 0.10677083333333333 0.033203125 0.06510416666666666
0 0.765625 0.23567708333333331 0.021484375 0.03906249999999997
