1 0.3974609375 0.30533854166666663 0.05859375 0.08463541666666669
1 0.419921875 0.41015625 0.021484375 0.0390625
1 0.41943359375 0.5221354166666666 0.0380859375 0.046874999999999944
1 0.396484375 0.6276041666666666 0.0625 0.1015625
1 0.41162109375 0.08528645833333333 0.0419921875 0.06380208333333334
1 0.3271484375 0.040364583333333336 0.033203125 0.059895833333333336
1 0.71484375 0.048828125 0.0625 0.09765625
0 0.44873046875 0.038411458333333336 0.0322265625 0.07682291666666667
0 0.44580078125 0.29622395833333337 0.0400390625 0.09244791666666669
0 0.4931640625 0.859375 0.0390625 0.0703125
