1 0.21533203125 0.5130208333333334 0.0458984375 0.054687500000000056
1 0.33642578125 0.5169270833333334 0.0615234375 0.10156250000000006
1 0.921875 0.31640625 0.021484375 0.03385416666666663
1 0.9287109375 0.05403645833333333 0.033203125 0.04296874999999999
1 0.7578125 0.525390625 0.01953125 0.03515625
1 0.90625 0.7389322916666666 0.021484375 0.03515625
1 0.880859375 0.8483072916666667 0.037109375 0.06119791666666663
1 0.1259765625 0.6888020833333334 0.033203125 0.0703125
1 0.046875 0.9173177083333333 0.052734375 0.10286458333333337
0 0.1103515625 0.048828125 0.06640625 0.09765625
0 0.5810546875 0.5169270833333333 0.046875 0.07291666666666663
0 0.6298828125 0.181640625 0.021484375 0.07161458333333331
