1 0.43798828125 0.603515625 0.0576171875 0.10026041666666674
1 0.4765625 0.5416666666666667 0.046875 0.04947916666666663
1 0.83349609375 0.4973958333333333 0.0576171875 0.05729166666666663
1 0.93505859375 0.634765625 0.0439453125 0.06640625
1 0.1708984375 0.19921875 0.037109375 0.033854166666666685
1 0.18408203125 0.1015625 0.0244140625 0.04166666666666666
1 0.25146484375 0.025390625 0.0244140625 0.03515625
1 0.30517578125 0.1640625 0.0537109375 0.09895833333333333
1 0.24267578125 0.36783854166666663 0.0439453125 0.08723958333333331
1 0.1318359375 0.5384114583333333 0.03125 0.06119791666666663
0 0.5283203125 0.9609375 0.033203125 0.078125
0 0.5205078125 0.14778645833333334 0.025390625 0.06640625000000001
