1 0.4599609375 0.087890625 0.041015625 0.05078125
1 0.03759765625 0.107421875 0.0673828125 0.08463541666666667
1 0.00634765625 0.2727864583333333 0.0126953125 0.01953125
1 0.224609375 0.7161458333333334 0.029296875 0.046875
1 0.1708984375 0.8444010416666667 0.033203125 0.09505208333333337
1 0.4921875 0.6471354166666667 0.029296875 0.03645833333333337
1 0.8857421875 0.53125 0.033203125 0.04427083333333326
1 0.98779296875 0.3606770833333333 0.0244140625 0.03125
1 0.666015625 0.2981770833333333 0.01953125 0.0234375
1 0.64794921875 0.03125 0.0185546875 0.03125
1 0.68505859375 0.7786458333333333 0.0302734375 0.06510416666666663
0 0.25390625 0.057942708333333336 0.099609375 0.11588541666666667
0 0.22314453125 0.28125 0.1220703125 0.19791666666666666
0 0.1533203125 0.6022135416666666 0.181640625 0.32421874999999994
0 0.091796875 0.93359375 0.18359375 0.1328125
0 0.89892578125 0.7591145833333333 0.2021484375 0.38020833333333337
0 0.77685546875 0.29166666666666663 0.1650390625 0.24739583333333331
0 0.73388671875 0.08268229166666667 0.1240234375 0.16536458333333334
