0 0.24755859375 0.07552083333333333 0.1162109375 0.12760416666666666
1 0.30615234375 0.12239583333333334 0.0244140625 0.08593750000000001
1 0.33984375 0.0234375 0.025390625 0.03385416666666667
1 0.42431640625 0.6595052083333333 0.0556640625 0.07942708333333337
1 0.4345703125 0.8645833333333334 0.033203125 0.0703125
1 0.8505859375 0.9401041666666667 0.07421875 0.10677083333333337
1 0.7509765625 0.9479166666666666 0.03125 0.0546875
1 0.74658203125 0.849609375 0.0244140625 0.03776041666666674
1 0.7646484375 0.7786458333333333 0.033203125 0.03385416666666663
1 0.9912109375 0.3125 0.017578125 0.03645833333333337
1 0.9052734375 0.595703125 0.0546875 0.05859375
1 0.21875 0.64453125 0.052734375 0.0703125
0 0.2001953125 0.212890625 0.140625 0.15755208333333334
0 0.1416015625 0.5026041666666667 0.1484375 0.23177083333333337
0 0.0673828125 0.9036458333333333 0.134765625 0.19270833333333337
0 0.65771484375 0.05859375 0.1416015625 0.1171875
0 0.71142578125 0.22330729166666669 0.1494140625 0.16276041666666666
0 0.7802734375 0.48307291666666663 0.201171875 0.27343749999999994
0 0.88037109375 0.845703125 0.2392578125 0.30859375
