1 0.49951171875 0.29427083333333337 0.0205078125 0.036458333333333315
1 0.5341796875 0.22721354166666669 0.0234375 0.05338541666666666
1 0.95361328125 0.055989583333333336 0.0517578125 0.06770833333333333
1 0.953125 0.18619791666666669 0.037109375 0.06510416666666666
1 0.2646484375 0.734375 0.01953125 0.02864583333333326
1 0.18310546875 0.9856770833333333 0.0166015625 0.02864583333333337
1 0.009765625 0.552734375 0.01953125 0.02213541666666674
1 0.09765625 0.31315104166666663 0.025390625 0.032552083333333315
1 0.2451171875 0.37044270833333337 0.083984375 0.10286458333333331
1 0.01611328125 0.08203125 0.0322265625 0.1640625
0 0.220703125 0.029947916666666668 0.08984375 0.059895833333333336
0 0.1953125 0.16796875 0.119140625 0.20572916666666663
0 0.126953125 0.5006510416666667 0.16015625 0.22786458333333337
0 0.07958984375 0.9212239583333333 0.1591796875 0.15755208333333337
0 0.75634765625 0.08268229166666667 0.1455078125 0.16536458333333334
0 0.826171875 0.423828125 0.193359375 0.2903645833333333
0 0.91064453125 0.83203125 0.1787109375 0.3359375
