0 0.45458984375 0.20052083333333331 0.2021484375 0.359375
0 0.9716796875 0.0625 0.056640625 0.125
0 0.46826171875 0.6705729166666666 0.2294921875 0.4557291666666667
1 0.1044921875 0.23502604166666666 0.072265625 0.11848958333333331
1 0.19091796875 0.13606770833333334 0.0537109375 0.06380208333333333
1 0.1025390625 0.43294270833333337 0.09375 0.14453125000000006
1 0.09765625 0.685546875 0.1640625 0.31901041666666674
1 0.26318359375 0.82421875 0.0830078125 0.171875
1 0.51318359375 0.9609375 0.0244140625 0.05208333333333326
1 0.564453125 0.9485677083333333 0.037109375 0.04557291666666663
1 0.58740234375 0.9029947916666667 0.0380859375 0.05598958333333337
1 0.689453125 0.9283854166666666 0.03515625 0.0546875
1 0.67724609375 0.5904947916666667 0.0576171875 0.06901041666666663
1 0.79248046875 0.6041666666666666 0.0693359375 0.0859375
1 0.98095703125 0.8821614583333333 0.0380859375 0.07682291666666663
1 0.73046875 0.357421875 0.0390625 0.07942708333333337
1 0.78125 0.23763020833333334 0.048828125 0.061197916666666685
1 0.63720703125 0.0546875 0.0302734375 0.06510416666666666
1 0.6083984375 0.279296875 0.052734375 0.05078125
1 0.1494140625 0.048828125 0.05859375 0.07942708333333334
1 0.07373046875 0.9147135416666666 0.0556640625 0.12109375
1 0.1455078125 0.9205729166666667 0.05078125 0.08333333333333337
1 0.5771484375 0.045572916666666664 0.033203125 0.09114583333333333
1 0.673828125 0.46744791666666663 0.05078125 0.06510416666666669
1 0.7822265625 0.027994791666666668 0.0234375 0.032552083333333336
