0 0.21435546875 0.083984375 0.1396484375 0.16536458333333331
0 0.18310546875 0.2565104166666667 0.1572265625 0.18229166666666666
0 0.1201171875 0.5423177083333334 0.228515625 0.3528645833333333
0 0.07861328125 0.865234375 0.1572265625 0.26953125
0 0.67724609375 0.14322916666666666 0.1689453125 0.22916666666666666
0 0.7412109375 0.4029947916666667 0.15625 0.26692708333333337
0 0.8583984375 0.7981770833333333 0.259765625 0.40364583333333337
1 0.9833984375 0.46484375 0.033203125 0.0546875
1 0.97705078125 0.4205729166666667 0.0224609375 0.03125
1 0.87939453125 0.15950520833333331 0.0205078125 0.05338541666666666
1 0.904296875 0.18619791666666669 0.015625 0.03385416666666666
0 0.984375 0.040364583333333336 0.03125 0.07552083333333333
