0 0.51318359375 0.12955729166666666 0.0615234375 0.09244791666666667
0 0.50634765625 0.51171875 0.0283203125 0.057291666666666685
1 0.6494140625 0.44010416666666663 0.044921875 0.057291666666666685
1 0.9189453125 0.20833333333333331 0.037109375 0.06510416666666666
1 0.72119140625 0.04427083333333333 0.0517578125 0.078125
1 0.96484375 0.6634114583333333 0.056640625 0.07942708333333337
1 0.9482421875 0.810546875 0.0625 0.09765625
1 0.31298828125 0.779296875 0.0498046875 0.07682291666666674
1 0.01513671875 0.0625 0.0302734375 0.0546875
1 0.021484375 0.177734375 0.04296875 0.05859375
1 0.2041015625 0.2623697916666667 0.08984375 0.08984375000000003
1 0.29248046875 0.080078125 0.1318359375 0.16015625
1 0.1875 0.08138020833333333 0.05859375 0.10026041666666666
