0 0.51513671875 0.41927083333333337 0.0439453125 0.08854166666666669
0 0.49951171875 0.047526041666666664 0.0419921875 0.07682291666666667
0 0.51806640625 0.9381510416666667 0.0439453125 0.07161458333333337
1 0.33203125 0.5455729166666666 0.046875 0.0625
1 0.2373046875 0.47395833333333337 0.04296875 0.052083333333333315
1 0.078125 0.6243489583333333 0.052734375 0.07682291666666663
1 0.23486328125 0.9192708333333333 0.0498046875 0.07291666666666663
1 0.7392578125 0.8828125 0.197265625 0.22135416666666674
1 0.935546875 0.7727864583333333 0.0625 0.08463541666666663
1 0.599609375 0.2584635416666667 0.037109375 0.06901041666666666
1 0.568359375 0.486328125 0.04296875 0.10286458333333331
1 0.6796875 0.0546875 0.0390625 0.0390625
