1 0.4599609375 0.642578125 0.015625 0.03515625
1 0.44580078125 0.8639322916666667 0.0146484375 0.02994791666666663
1 0.482421875 0.97265625 0.017578125 0.04166666666666674
1 0.64794921875 0.7161458333333334 0.0439453125 0.0390625
1 0.22021484375 0.8352864583333333 0.0732421875 0.07942708333333337
1 0.06396484375 0.8131510416666666 0.0791015625 0.07421875
1 0.041015625 0.07486979166666666 0.0390625 0.06380208333333333
1 0.92529296875 0.35677083333333337 0.0283203125 0.044270833333333315
1 0.99365234375 0.4720052083333333 0.0126953125 0.05078125
1 0.4677734375 0.28385416666666663 0.017578125 0.026041666666666685
1 0.48388671875 0.07096354166666667 0.0166015625 0.019531250000000007
1 0.98779296875 0.091796875 0.0244140625 0.05598958333333334
1 0.962890625 0.027994791666666668 0.0078125 0.029947916666666664
1 0.845703125 0.10416666666666667 0.01953125 0.0234375
1 0.794921875 0.012369791666666666 0.017578125 0.024739583333333332
0 0.29541015625 0.040364583333333336 0.0966796875 0.08072916666666667
0 0.2587890625 0.14908854166666666 0.09765625 0.14713541666666669
0 0.22119140625 0.3333333333333333 0.1298828125 0.17708333333333334
0 0.1708984375 0.5670572916666666 0.150390625 0.3033854166666667
0 0.08203125 0.9205729166666667 0.1640625 0.15885416666666663
0 0.865234375 0.7643229166666667 0.22265625 0.36458333333333337
0 0.77978515625 0.408203125 0.1572265625 0.24869791666666669
0 0.7060546875 0.18033854166666666 0.138671875 0.18098958333333331
0 0.6689453125 0.048177083333333336 0.109375 0.09635416666666667
