0 0.189453125 0.021484375 0.123046875 0.04296875
0 0.7451171875 0.014973958333333334 0.10546875 0.029947916666666668
0 0.1640625 0.18229166666666666 0.16796875 0.2760416666666667
0 0.0849609375 0.5319010416666667 0.169921875 0.32942708333333337
0 0.0244140625 0.958984375 0.048828125 0.08203125
0 0.748046875 0.13997395833333334 0.13671875 0.20703125
0 0.81640625 0.443359375 0.18359375 0.3268229166666667
0 0.9052734375 0.8854166666666667 0.189453125 0.22916666666666663
1 0.50830078125 0.20052083333333331 0.0537109375 0.12499999999999997
1 0.93408203125 0.026041666666666668 0.0361328125 0.044270833333333336
1 0.98974609375 0.061197916666666664 0.0205078125 0.05208333333333333
1 0.42724609375 0.33203125 0.0302734375 0.04427083333333337
1 0.2158203125 0.40690104166666663 0.07421875 0.10026041666666669
1 0.1806640625 0.76171875 0.04296875 0.10677083333333326
1 0.0986328125 0.8372395833333334 0.0703125 0.15625
1 0.52734375 0.8795572916666667 0.013671875 0.02994791666666663
1 0.7265625 0.9654947916666667 0.02734375 0.04557291666666663
1 0.2802734375 0.21028645833333331 0.025390625 0.06380208333333334
1 0.84228515625 0.7421875 0.0224609375 0.02604166666666674
