0 0.49951171875 0.83984375 0.0654296875 0.16927083333333326
0 0.517578125 0.024088541666666668 0.03515625 0.048177083333333336
0 0.51220703125 0.3450520833333333 0.0302734375 0.0546875
1 0.69482421875 0.09830729166666667 0.0283203125 0.05078125
1 0.455078125 0.2604166666666667 0.119140625 0.14062500000000003
1 0.3212890625 0.3229166666666667 0.07421875 0.09375
1 0.146484375 0.7760416666666667 0.0625 0.07552083333333337
1 0.81396484375 0.9055989583333334 0.0869140625 0.11328125
1 0.9052734375 0.751953125 0.0390625 0.05338541666666674
1 0.98046875 0.9778645833333333 0.0390625 0.04427083333333337
