0 0.51904296875 0.5625 0.0556640625 0.1171875
1 0.65673828125 0.546875 0.0732421875 0.14322916666666669
1 0.69921875 0.4908854166666667 0.052734375 0.07552083333333337
1 0.9287109375 0.22526041666666666 0.142578125 0.24479166666666669
1 0.81982421875 0.4140625 0.0302734375 0.0625
1 0.26318359375 0.8190104166666667 0.0478515625 0.05208333333333337
1 0.28662109375 0.6282552083333333 0.0517578125 0.07682291666666663
1 0.1787109375 0.7552083333333334 0.046875 0.0703125
1 0.02587890625 0.9680989583333333 0.0517578125 0.06380208333333337
1 0.02685546875 0.783203125 0.0537109375 0.09765625
1 0.11328125 0.779296875 0.052734375 0.17578125
1 0.05078125 0.6022135416666666 0.08203125 0.08984375
1 0.08984375 0.08268229166666667 0.052734375 0.05859375000000001
1 0.201171875 0.2604166666666667 0.033203125 0.03385416666666666
1 0.22998046875 0.31510416666666663 0.0380859375 0.059895833333333315
1 0.12646484375 0.171875 0.0478515625 0.0546875
1 0.24853515625 0.053385416666666664 0.0673828125 0.10677083333333333
1 0.2353515625 0.16666666666666669 0.064453125 0.06770833333333334
1 0.34619140625 0.013671875 0.0244140625 0.02734375
1 0.02587890625 0.48763020833333337 0.0517578125 0.07421875000000006
1 0.1484375 0.5182291666666667 0.037109375 0.04427083333333337
1 0.3212890625 0.5748697916666666 0.087890625 0.13671875
