1 0.41064453125 0.16471354166666669 0.0361328125 0.05598958333333334
1 0.4736328125 0.33723958333333337 0.02734375 0.036458333333333315
1 0.974609375 0.765625 0.05078125 0.140625
1 0.845703125 0.7903645833333334 0.021484375 0.0390625
1 0.23583984375 0.7369791666666667 0.0537109375 0.06770833333333337
1 0.3466796875 0.818359375 0.02734375 0.03255208333333326
1 0.19873046875 0.2903645833333333 0.0224609375 0.03125
0 0.61572265625 0.39583333333333337 0.0380859375 0.049479166666666685
0 0.62255859375 0.04296875 0.0322265625 0.057291666666666664
0 0.0810546875 0.020833333333333332 0.021484375 0.041666666666666664
