1 0.44287109375 0.5748697916666667 0.0361328125 0.05338541666666663
1 0.5576171875 0.75390625 0.02734375 0.04166666666666674
1 0.70751953125 0.3782552083333333 0.0322265625 0.05078125
1 0.9423828125 0.6263020833333333 0.009765625 0.01822916666666663
0 0.9453125 0.89453125 0.0390625 0.07291666666666674
0 0.16650390625 0.8860677083333333 0.0673828125 0.12369791666666663
0 0.26806640625 0.474609375 0.0244140625 0.06380208333333331
0 0.31103515625 0.20182291666666666 0.0380859375 0.078125
0 0.84423828125 0.42578125 0.0341796875 0.08854166666666663
0 0.81201171875 0.3990885416666667 0.0205078125 0.06640625
0 0.78515625 0.17643229166666666 0.029296875 0.07421875
2 0.615234375 0.20768229166666666 0.02734375 0.05078125
2 0.68310546875 0.212890625 0.0322265625 0.05859375
1 0.73046875 0.091796875 0.0234375 0.03255208333333334
1 0.47021484375 0.822265625 0.0498046875 0.09244791666666674
0 0.33837890625 0.031901041666666664 0.0224609375 0.053385416666666664
1 0.4609375 0.212890625 0.021484375 0.040364583333333315
1 0.47216796875 0.26432291666666663 0.0244140625 0.036458333333333315
