0 0.47802734375 0.12955729166666666 0.1396484375 0.2591145833333333
0 0.5341796875 0.7161458333333333 0.26171875 0.46354166666666663
1 0.265625 0.302734375 0.08984375 0.16015625
1 0.2568359375 0.12434895833333334 0.103515625 0.08203125000000001
1 0.2431640625 0.043619791666666664 0.099609375 0.08723958333333333
1 0.30419921875 0.024088541666666668 0.0224609375 0.048177083333333336
1 0.146484375 0.07552083333333333 0.060546875 0.078125
1 0.17041015625 0.19140625 0.0830078125 0.12239583333333334
1 0.15625 0.2890625 0.046875 0.0859375
1 0.0322265625 0.032552083333333336 0.056640625 0.052083333333333336
1 0.09912109375 0.015625 0.0400390625 0.03125
1 0.05517578125 0.15364583333333334 0.1044921875 0.140625
1 0.05615234375 0.375 0.1083984375 0.09895833333333337
1 0.0615234375 0.4720052083333333 0.115234375 0.07682291666666663
1 0.0283203125 0.5885416666666666 0.056640625 0.1171875
1 0.0986328125 0.580078125 0.05859375 0.10286458333333326
1 0.0498046875 0.8098958333333333 0.072265625 0.26822916666666663
1 0.21630859375 0.9283854166666667 0.1162109375 0.14322916666666663
1 0.2763671875 0.7506510416666666 0.078125 0.09765625
1 0.3662109375 0.828125 0.0625 0.0703125
1 0.17333984375 0.724609375 0.0966796875 0.15234375
1 0.263671875 0.634765625 0.0703125 0.12369791666666674
1 0.23974609375 0.5364583333333333 0.0927734375 0.10416666666666663
1 0.39990234375 0.4290364583333333 0.1298828125 0.17057291666666663
1 0.33984375 0.5553385416666667 0.05859375 0.07682291666666663
1 0.35888671875 0.30078125 0.0751953125 0.10416666666666666
1 0.46484375 0.3125 0.08984375 0.09895833333333337
1 0.5576171875 0.3684895833333333 0.091796875 0.1640625
1 0.62060546875 0.220703125 0.1513671875 0.12109375
1 0.58984375 0.07486979166666666 0.08984375 0.08723958333333333
1 0.76123046875 0.04947916666666667 0.1064453125 0.0859375
1 0.8056640625 0.18684895833333331 0.16796875 0.16796875
1 0.84228515625 0.373046875 0.1259765625 0.19401041666666663
1 0.92529296875 0.17838541666666666 0.0517578125 0.0703125
1 0.97412109375 0.15755208333333331 0.0244140625 0.05729166666666666
1 0.93115234375 0.06770833333333334 0.0322265625 0.04166666666666667
1 0.95703125 0.470703125 0.0859375 0.22526041666666669
1 0.83935546875 0.505859375 0.0673828125 0.05859375
1 0.89404296875 0.54296875 0.0244140625 0.109375
1 0.8779296875 0.6471354166666667 0.083984375 0.16666666666666663
1 0.966796875 0.7057291666666667 0.06640625 0.14583333333333337
1 0.63525390625 0.4342447916666667 0.0478515625 0.08984375
1 0.74853515625 0.5670572916666666 0.1455078125 0.21744791666666669
1 0.73974609375 0.759765625 0.1240234375 0.16536458333333326
1 0.74072265625 0.939453125 0.0654296875 0.10546875
1 0.869140625 0.8307291666666667 0.095703125 0.09895833333333337
1 0.98486328125 0.9088541666666666 0.0302734375 0.140625
1 0.861328125 0.9518229166666667 0.140625 0.09635416666666663
1 0.7412109375 0.38346354166666663 0.033203125 0.053385416666666685
1 0.4482421875 0.19856770833333331 0.0546875 0.09244791666666666
