0 0.46337890625 0.21809895833333331 0.1845703125 0.32421875
0 0.4951171875 0.7317708333333334 0.236328125 0.5364583333333333
0 0.98095703125 0.11263020833333333 0.0380859375 0.20182291666666666
1 0.13671875 0.09375 0.177734375 0.16927083333333331
1 0.10888671875 0.3489583333333333 0.2177734375 0.31510416666666663
1 0.08154296875 0.71875 0.1630859375 0.20833333333333326
1 0.12451171875 0.8958333333333333 0.0537109375 0.12239583333333337
1 0.04833984375 0.9166666666666667 0.0966796875 0.16666666666666663
1 0.0478515625 0.5846354166666667 0.095703125 0.13802083333333337
1 0.61572265625 0.07942708333333333 0.0263671875 0.0859375
1 0.6787109375 0.06119791666666667 0.041015625 0.03906250000000001
1 0.7314453125 0.029296875 0.03125 0.05598958333333333
1 0.72021484375 0.22981770833333334 0.0791015625 0.13151041666666669
1 0.77978515625 0.5032552083333334 0.0673828125 0.08723958333333331
1 0.896484375 0.49609375 0.099609375 0.13020833333333331
1 0.79833984375 0.7727864583333334 0.1767578125 0.25390625
1 0.93359375 0.89453125 0.1328125 0.2109375
