0 0.47802734375 0.030598958333333332 0.1298828125 0.061197916666666664
0 0.48828125 0.26953125 0.2109375 0.359375
0 0.498046875 0.732421875 0.25 0.45442708333333326
0 0.98974609375 0.0703125 0.0205078125 0.12239583333333333
1 0.15966796875 0.134765625 0.0888671875 0.17578125
1 0.20166015625 0.018229166666666668 0.0615234375 0.036458333333333336
1 0.27783203125 0.35807291666666663 0.0302734375 0.044270833333333315
1 0.056640625 0.5533854166666666 0.11328125 0.2760416666666667
1 0.0400390625 0.9811197916666667 0.0703125 0.03776041666666663
1 0.31396484375 0.9342447916666667 0.0986328125 0.13151041666666663
1 0.80615234375 0.9029947916666667 0.0263671875 0.05338541666666663
1 0.890625 0.8658854166666666 0.072265625 0.1015625
1 0.97314453125 0.8040364583333333 0.0537109375 0.13411458333333337
1 0.97412109375 0.61328125 0.0517578125 0.0859375
1 0.8720703125 0.6080729166666667 0.056640625 0.09895833333333337
1 0.7509765625 0.443359375 0.0390625 0.03515625
1 0.9072265625 0.25325520833333337 0.072265625 0.08463541666666669
1 0.71044921875 0.21223958333333331 0.1123046875 0.1953125
1 0.8955078125 0.10611979166666666 0.0390625 0.06640624999999999
1 0.6455078125 0.053385416666666664 0.068359375 0.10677083333333333
1 0.1259765625 0.32747395833333337 0.1171875 0.13932291666666669
1 0.24853515625 0.6432291666666667 0.0283203125 0.03385416666666663
