0 0.765625 0.18424479166666669 0.0234375 0.07682291666666666
0 0.16064453125 0.6080729166666666 0.0595703125 0.09375
0 0.21484375 0.27994791666666663 0.03125 0.044270833333333315
0 0.23486328125 0.044270833333333336 0.0634765625 0.08333333333333333
2 0.8154296875 0.46875 0.048828125 0.09635416666666669
0 0.95703125 0.9654947916666666 0.04296875 0.06640625
1 0.568359375 0.9680989583333334 0.0234375 0.03515625
1 0.57763671875 0.8899739583333333 0.0517578125 0.05598958333333337
1 0.60302734375 0.6412760416666667 0.0380859375 0.06380208333333337
1 0.60205078125 0.2109375 0.0478515625 0.06770833333333331
1 0.59814453125 0.13736979166666666 0.0341796875 0.06901041666666667
1 0.3798828125 0.6145833333333333 0.0234375 0.03385416666666663
