0 0.46240234375 0.039713541666666664 0.0947265625 0.07942708333333333
0 0.9716796875 0.19075520833333334 0.056640625 0.22526041666666669
0 0.46875 0.3079427083333333 0.162109375 0.25130208333333337
0 0.47314453125 0.7350260416666667 0.2099609375 0.35286458333333337
1 0.71875 0.027994791666666668 0.04296875 0.055989583333333336
1 0.74609375 0.09895833333333333 0.044921875 0.05729166666666666
1 0.736328125 0.19986979166666669 0.078125 0.10546875000000003
1 0.740234375 0.359375 0.0546875 0.09114583333333337
1 0.81884765625 0.505859375 0.0400390625 0.055989583333333315
1 0.8291015625 0.95703125 0.1015625 0.0859375
1 0.2236328125 0.20703125 0.068359375 0.1171875
1 0.2001953125 0.057942708333333336 0.033203125 0.07682291666666667
1 0.9140625 0.7057291666666667 0.037109375 0.04947916666666663
1 0.0205078125 0.8626302083333333 0.033203125 0.05338541666666663
1 0.24755859375 0.9583333333333334 0.0302734375 0.0546875
1 0.22998046875 0.34505208333333337 0.0400390625 0.052083333333333315
1 0.0185546875 0.40104166666666663 0.033203125 0.07552083333333331
1 0.5419921875 0.158203125 0.041015625 0.07161458333333333
