0 0.4970703125 0.22200520833333334 0.04296875 0.061197916666666685
0 0.50146484375 0.6614583333333334 0.0556640625 0.0859375
1 0.2666015625 0.5104166666666666 0.048828125 0.062499999999999944
1 0.31884765625 0.6217447916666667 0.0654296875 0.08723958333333337
1 0.060546875 0.4309895833333333 0.05859375 0.0546875
1 0.046875 0.8196614583333333 0.03515625 0.04557291666666663
1 0.0126953125 0.9674479166666667 0.025390625 0.06510416666666663
1 0.69580078125 0.26302083333333337 0.0361328125 0.057291666666666685
1 0.71630859375 0.38346354166666663 0.0693359375 0.09505208333333331
1 0.96044921875 0.42838541666666663 0.0498046875 0.08072916666666669
1 0.82666015625 0.09309895833333334 0.1103515625 0.06119791666666667
1 0.861328125 0.15885416666666669 0.029296875 0.03385416666666666
1 0.75341796875 0.6217447916666667 0.0146484375 0.02473958333333337
1 0.0634765625 0.07747395833333334 0.052734375 0.05338541666666667
