0 0.5390625 0.169921875 0.259765625 0.33984375
0 0.52197265625 0.6087239583333334 0.2646484375 0.5325520833333333
1 0.35302734375 0.37109375 0.0830078125 0.10677083333333337
1 0.3486328125 0.240234375 0.083984375 0.05859375
1 0.375 0.13802083333333331 0.08984375 0.12760416666666666
1 0.21923828125 0.14192708333333334 0.0380859375 0.05208333333333333
1 0.1552734375 0.23567708333333334 0.037109375 0.057291666666666685
1 0.2646484375 0.49479166666666663 0.048828125 0.07812499999999994
1 0.3203125 0.6373697916666667 0.080078125 0.09505208333333337
1 0.14501953125 0.9453125 0.0810546875 0.09895833333333326
1 0.02880859375 0.47721354166666663 0.0576171875 0.13151041666666669
1 0.09130859375 0.09895833333333334 0.0654296875 0.140625
1 0.16943359375 0.087890625 0.0458984375 0.08463541666666669
1 0.0205078125 0.09049479166666667 0.037109375 0.061197916666666664
1 0.9814453125 0.6217447916666667 0.037109375 0.11848958333333337
1 0.9833984375 0.71484375 0.033203125 0.04947916666666674
1 0.8681640625 0.5846354166666667 0.078125 0.08072916666666663
1 0.89404296875 0.45442708333333337 0.0556640625 0.08072916666666669
1 0.9638671875 0.45768229166666663 0.0546875 0.06901041666666669
1 0.95849609375 0.2825520833333333 0.0283203125 0.0234375
1 0.9140625 0.2584635416666667 0.037109375 0.05078125000000003
1 0.88525390625 0.29947916666666663 0.0205078125 0.028645833333333315
1 0.85595703125 0.22395833333333331 0.0419921875 0.11718749999999997
1 0.78662109375 0.283203125 0.1064453125 0.15494791666666666
1 0.7724609375 0.49283854166666663 0.076171875 0.07421874999999994
1 0.845703125 0.7037760416666667 0.099609375 0.12630208333333337
1 0.9033203125 0.8880208333333334 0.02734375 0.046875
1 0.83447265625 0.07682291666666666 0.0673828125 0.07552083333333333
1 0.8447265625 0.013671875 0.056640625 0.02734375
