0 0.47802734375 0.048177083333333336 0.1494140625 0.09635416666666667
0 0.96337890625 0.08072916666666667 0.0732421875 0.16145833333333334
0 0.4912109375 0.33072916666666663 0.17578125 0.359375
0 0.4990234375 0.7962239583333333 0.197265625 0.38932291666666663
1 0.1123046875 0.06901041666666667 0.0546875 0.057291666666666664
1 0.08447265625 0.23763020833333334 0.0283203125 0.01953125
1 0.21826171875 0.8483072916666667 0.0419921875 0.05598958333333337
1 0.23974609375 0.9505208333333333 0.0322265625 0.09895833333333337
1 0.64501953125 0.8541666666666667 0.0556640625 0.07552083333333337
1 0.70263671875 0.7389322916666666 0.0712890625 0.11328125
1 0.73291015625 0.6432291666666667 0.0263671875 0.06510416666666663
1 0.84326171875 0.5377604166666666 0.1064453125 0.30468749999999994
1 0.99169921875 0.55078125 0.0166015625 0.09635416666666674
1 0.90087890625 0.8313802083333333 0.1103515625 0.20182291666666663
1 0.7939453125 0.953125 0.033203125 0.05729166666666674
1 0.78857421875 0.296875 0.0302734375 0.0546875
1 0.82763671875 0.23697916666666669 0.0341796875 0.08072916666666666
1 0.77392578125 0.12890625 0.0751953125 0.09114583333333333
