0 0.451171875 0.015625 0.078125 0.03125
0 0.451171875 0.263671875 0.201171875 0.38151041666666663
0 0.46875 0.7532552083333333 0.27734375 0.49088541666666663
0 0.97802734375 0.059895833333333336 0.0439453125 0.11979166666666667
1 0.1689453125 0.421875 0.1640625 0.7994791666666667
1 0.11572265625 0.9361979166666666 0.0810546875 0.109375
1 0.23876953125 0.966796875 0.0244140625 0.03776041666666674
1 0.88671875 0.9635416666666667 0.162109375 0.07291666666666663
1 0.833984375 0.826171875 0.064453125 0.08203125
1 0.84423828125 0.6634114583333334 0.1611328125 0.23046875
1 0.79443359375 0.51171875 0.0888671875 0.08333333333333331
1 0.783203125 0.22591145833333334 0.177734375 0.4518229166666667
1 0.64111328125 0.4095052083333333 0.0751953125 0.12109375
1 0.3212890625 0.40690104166666663 0.068359375 0.13932291666666669
