1 0.46484375 0.06640625 0.07421875 0.09635416666666666
1 0.42626953125 0.271484375 0.0244140625 0.02213541666666663
1 0.455078125 0.32421875 0.013671875 0.0390625
1 0.52099609375 0.2526041666666667 0.0146484375 0.03906250000000003
1 0.529296875 0.3203125 0.02734375 0.04427083333333337
1 0.39453125 0.46875 0.033203125 0.109375
1 0.4375 0.5826822916666666 0.025390625 0.03515625
1 0.4921875 0.5950520833333333 0.03515625 0.06770833333333337
1 0.5478515625 0.7291666666666667 0.06640625 0.05989583333333337
1 0.6162109375 0.7682291666666666 0.025390625 0.03125
1 0.49560546875 0.806640625 0.0244140625 0.04036458333333326
1 0.44775390625 0.8639322916666667 0.0244140625 0.05338541666666663
1 0.38671875 0.71875 0.037109375 0.04947916666666674
1 0.39013671875 0.646484375 0.0244140625 0.03255208333333326
1 0.1767578125 0.09440104166666667 0.0546875 0.06380208333333334
1 0.92578125 0.16927083333333331 0.01953125 0.05729166666666666
1 0.8173828125 0.9427083333333333 0.111328125 0.11458333333333337
1 0.5751953125 0.9147135416666667 0.025390625 0.10807291666666663
1 0.4541015625 0.9850260416666667 0.0234375 0.02994791666666663
0 0.248046875 0.054036458333333336 0.078125 0.10807291666666667
0 0.21630859375 0.3001302083333333 0.1123046875 0.19921874999999997
0 0.0966796875 0.689453125 0.193359375 0.3893229166666667
0 0.74755859375 0.068359375 0.1611328125 0.13671875
0 0.78857421875 0.27994791666666663 0.1728515625 0.24739583333333331
0 0.875 0.71484375 0.25 0.4140625
