0 0.49462890625 0.27018229166666663 0.1748046875 0.3216145833333333
0 0.521484375 0.703125 0.205078125 0.37760416666666674
0 0.4873046875 0.020833333333333332 0.09375 0.041666666666666664
0 0.98779296875 0.10546875 0.0244140625 0.17447916666666669
1 0.17724609375 0.5065104166666666 0.0849609375 0.12760416666666669
1 0.15283203125 0.9908854166666667 0.0244140625 0.01822916666666663
1 0.24462890625 0.018880208333333332 0.0341796875 0.037760416666666664
1 0.734375 0.13997395833333334 0.10546875 0.13411458333333331
1 0.7724609375 0.32942708333333337 0.11328125 0.15885416666666669
1 0.82275390625 0.45247395833333337 0.0849609375 0.07942708333333331
1 0.83642578125 0.65625 0.1240234375 0.26041666666666674
1 0.880859375 0.8802083333333333 0.0859375 0.18229166666666663
1 0.9794921875 0.8229166666666667 0.041015625 0.05989583333333337
1 0.9814453125 0.904296875 0.037109375 0.03776041666666674
