1 0.33056640625 0.333984375 0.0244140625 0.05338541666666663
1 0.08349609375 0.666015625 0.0263671875 0.03255208333333326
1 0.03955078125 0.6048177083333333 0.0439453125 0.02473958333333337
1 0.2744140625 0.9791666666666666 0.033203125 0.0390625
0 0.79541015625 0.50390625 0.0419921875 0.0703125
0 0.20947265625 0.3997395833333333 0.0224609375 0.0859375
0 0.2509765625 0.189453125 0.029296875 0.07942708333333331
0 0.291015625 0.033854166666666664 0.021484375 0.06510416666666667
1 0.587890625 0.15950520833333331 0.015625 0.03255208333333334
0 0.69580078125 0.05078125 0.0185546875 0.04947916666666666
1 0.8642578125 0.3671875 0.009765625 0.01822916666666663
