1 0.0205078125 0.30078125 0.041015625 0.08854166666666663
1 0.1875 0.08723958333333333 0.04296875 0.059895833333333336
1 0.3642578125 0.14453125 0.021484375 0.036458333333333315
1 0.3798828125 0.42708333333333337 0.013671875 0.028645833333333315
1 0.33544921875 0.5319010416666667 0.0283203125 0.05598958333333337
1 0.34130859375 0.66015625 0.0107421875 0.0234375
1 0.38623046875 0.6171875 0.0146484375 0.02604166666666674
1 0.3623046875 0.7532552083333333 0.0234375 0.04817708333333337
1 0.51904296875 0.7779947916666667 0.0458984375 0.09244791666666663
1 0.66162109375 0.8059895833333333 0.0185546875 0.04427083333333337
1 0.6142578125 0.9615885416666667 0.03515625 0.04817708333333337
1 0.53076171875 0.044921875 0.0322265625 0.04817708333333334
1 0.962890625 0.31575520833333337 0.041015625 0.053385416666666685
1 0.9423828125 0.28515625 0.013671875 0.02864583333333337
1 0.892578125 0.28125 0.021484375 0.02604166666666663
1 0.8740234375 0.189453125 0.0234375 0.045572916666666685
1 0.81396484375 0.10807291666666666 0.0283203125 0.03385416666666667
1 0.89013671875 0.018880208333333332 0.0166015625 0.029947916666666664
0 0.966796875 0.048177083333333336 0.06640625 0.09635416666666667
0 0.6337890625 0.038411458333333336 0.087890625 0.07682291666666667
0 0.67041015625 0.09114583333333333 0.1142578125 0.11197916666666666
0 0.70556640625 0.23828125 0.0986328125 0.15104166666666666
0 0.7978515625 0.44010416666666663 0.146484375 0.21093749999999994
0 0.8896484375 0.7506510416666667 0.19140625 0.37369791666666663
0 0.17138671875 0.8274739583333333 0.1669921875 0.34505208333333337
0 0.21142578125 0.47135416666666663 0.1240234375 0.21354166666666669
0 0.2607421875 0.24283854166666669 0.103515625 0.16015625000000003
0 0.28662109375 0.08854166666666667 0.0771484375 0.09635416666666666
0 0.2880859375 0.017578125 0.083984375 0.03515625
