1 0.306640625 0.314453125 0.029296875 0.04036458333333337
1 0.5107421875 0.23372395833333331 0.025390625 0.04296874999999997
1 0.6298828125 0.09830729166666667 0.02734375 0.04296875
1 0.9306640625 0.11393229166666667 0.021484375 0.03255208333333334
0 0.2509765625 0.43229166666666663 0.0390625 0.09635416666666669
0 0.916015625 0.8704427083333334 0.056640625 0.10546875
0 0.82763671875 0.47395833333333337 0.0244140625 0.059895833333333315
2 0.06298828125 0.3600260416666667 0.0263671875 0.04296875
2 0.5087890625 0.671875 0.025390625 0.04947916666666674
2 0.521484375 0.345703125 0.03125 0.06901041666666663
0 0.48681640625 0.1015625 0.0244140625 0.08072916666666669
0 0.78271484375 0.16536458333333331 0.0341796875 0.07552083333333334
2 0.11572265625 0.6673177083333333 0.0693359375 0.07161458333333337
