0 0.4775390625 0.369140625 0.060546875 0.12109375
0 0.4765625 0.06510416666666667 0.046875 0.09375
0 0.48681640625 0.9420572916666667 0.0498046875 0.11588541666666663
1 0.26708984375 0.48828125 0.0361328125 0.044270833333333315
1 0.1923828125 0.35481770833333337 0.0625 0.13151041666666669
1 0.060546875 0.677734375 0.0390625 0.05338541666666674
1 0.021484375 0.431640625 0.037109375 0.05338541666666663
1 0.15869140625 0.22200520833333331 0.0673828125 0.08984374999999997
1 0.82861328125 0.5533854166666666 0.0732421875 0.16666666666666669
1 0.85546875 0.9733072916666667 0.033203125 0.05338541666666663
1 0.958984375 0.9440104166666667 0.021484375 0.03645833333333337
1 0.79638671875 0.9225260416666667 0.0185546875 0.04036458333333337
1 0.8095703125 0.8235677083333333 0.0234375 0.03255208333333337
1 0.71142578125 0.60546875 0.0244140625 0.0390625
