0 0.46728515625 0.6243489583333333 0.0322265625 0.08723958333333337
0 0.44580078125 0.24479166666666669 0.0341796875 0.05468750000000003
1 0.13330078125 0.630859375 0.0498046875 0.07942708333333326
1 0.197265625 0.6497395833333333 0.01953125 0.02604166666666663
1 0.2412109375 0.6419270833333333 0.015625 0.03385416666666663
1 0.2685546875 0.921875 0.025390625 0.03125
1 0.69921875 0.419921875 0.1171875 0.16276041666666669
1 0.7236328125 0.21484375 0.064453125 0.09114583333333334
1 0.84228515625 0.55859375 0.0595703125 0.07552083333333326
1 0.95458984375 0.4850260416666667 0.0908203125 0.11848958333333337
1 0.95849609375 0.5944010416666666 0.0498046875 0.05859375
1 0.734375 0.6725260416666666 0.03515625 0.04296875
1 0.6767578125 0.5436197916666667 0.029296875 0.03255208333333337
1 0.22998046875 0.150390625 0.0166015625 0.03515625
