0 0.14794921875 0.8294270833333333 0.2509765625 0.34114583333333337
0 0.2021484375 0.5123697916666667 0.20703125 0.29817708333333337
0 0.24853515625 0.2682291666666667 0.1533203125 0.17187500000000003
0 0.2666015625 0.126953125 0.123046875 0.10546875
0 0.2802734375 0.037760416666666664 0.111328125 0.07291666666666667
0 0.60107421875 0.033854166666666664 0.0966796875 0.06770833333333333
0 0.63134765625 0.11458333333333333 0.1162109375 0.12239583333333334
0 0.6748046875 0.2506510416666667 0.15625 0.18619791666666666
0 0.7578125 0.4453125 0.15625 0.21875
0 0.87744140625 0.8059895833333333 0.2294921875 0.34895833333333337
0 0.90380859375 0.041015625 0.1064453125 0.07942708333333334
0 0.95166015625 0.10611979166666667 0.0966796875 0.15755208333333334
1 0.33203125 0.7272135416666666 0.0234375 0.07421875
