0 0.53369140625 0.552734375 0.0693359375 0.16796875
0 0.55126953125 0.28190104166666663 0.0322265625 0.11067708333333331
1 0.32470703125 0.5481770833333333 0.0693359375 0.08854166666666663
1 0.251953125 0.2766927083333333 0.041015625 0.08203124999999997
1 0.3173828125 0.177734375 0.037109375 0.07161458333333331
1 0.08544921875 0.349609375 0.0439453125 0.06901041666666663
1 0.0439453125 0.44075520833333337 0.044921875 0.055989583333333315
1 0.224609375 0.875 0.021484375 0.0234375
1 0.8642578125 0.7805989583333333 0.0546875 0.05338541666666663
1 0.8828125 0.3359375 0.056640625 0.08333333333333337
1 0.71142578125 0.18294270833333334 0.0517578125 0.06640625
1 0.80322265625 0.24609375 0.0361328125 0.04427083333333334
1 0.77490234375 0.11328125 0.0224609375 0.05989583333333333
1 0.9521484375 0.25260416666666663 0.0703125 0.09895833333333331
