0 0.0166015625 0.09049479166666667 0.033203125 0.14192708333333334
0 0.4755859375 0.044270833333333336 0.111328125 0.08854166666666667
0 0.48779296875 0.24609375 0.1728515625 0.26302083333333337
0 0.498046875 0.6861979166666667 0.1796875 0.34114583333333337
1 0.3505859375 0.9466145833333333 0.095703125 0.08854166666666663
1 0.8603515625 0.509765625 0.080078125 0.16015625
1 0.83837890625 0.6315104166666667 0.0322265625 0.05989583333333337
1 0.9208984375 0.7552083333333333 0.076171875 0.16666666666666663
1 0.81689453125 0.8509114583333333 0.0888671875 0.29817708333333337
1 0.71826171875 0.9029947916666667 0.0361328125 0.06380208333333337
1 0.71435546875 0.70703125 0.0478515625 0.0625
1 0.7783203125 0.07747395833333333 0.111328125 0.15494791666666666
