0 0.0263671875 0.0546875 0.052734375 0.109375
0 0.35009765625 0.048177083333333336 0.1044921875 0.09635416666666667
0 0.31884765625 0.15169270833333334 0.1064453125 0.11848958333333333
0 0.2880859375 0.30143229166666663 0.1171875 0.18098958333333331
0 0.24169921875 0.56640625 0.1611328125 0.2526041666666667
0 0.15087890625 0.9075520833333333 0.1826171875 0.18489583333333337
0 0.6962890625 0.09309895833333334 0.1171875 0.12890625
0 0.748046875 0.24153645833333331 0.115234375 0.14973958333333334
0 0.7998046875 0.40559895833333337 0.138671875 0.16276041666666669
0 0.8720703125 0.6223958333333334 0.162109375 0.2942708333333333
0 0.98681640625 0.06510416666666667 0.0263671875 0.13020833333333334
0 0.9755859375 0.98828125 0.048828125 0.0234375
1 0.5517578125 0.755859375 0.033203125 0.06380208333333326
1 0.52392578125 0.634765625 0.0205078125 0.01953125
1 0.43701171875 0.3385416666666667 0.0244140625 0.0390625
1 0.54443359375 0.28841145833333337 0.0244140625 0.032552083333333315
1 0.9482421875 0.333984375 0.025390625 0.03776041666666663
1 0.43115234375 0.65625 0.0244140625 0.03645833333333326
0 0.66455078125 0.016927083333333332 0.0830078125 0.033854166666666664
0 0.9306640625 0.0234375 0.05859375 0.046875
