0 0.5087890625 0.232421875 0.18359375 0.30078125
0 0.52783203125 0.6842447916666666 0.2314453125 0.4752604166666667
0 0.02685546875 0.08658854166666667 0.0537109375 0.17317708333333334
0 0.97998046875 0.09765625 0.0400390625 0.1484375
1 0.29931640625 0.421875 0.0908203125 0.13802083333333337
1 0.33447265625 0.29557291666666663 0.0576171875 0.12239583333333331
1 0.7734375 0.2584635416666667 0.048828125 0.08203125000000003
1 0.92041015625 0.37890625 0.0634765625 0.15885416666666663
1 0.82568359375 0.041015625 0.0498046875 0.07942708333333334
1 0.21484375 0.39453125 0.0625 0.19010416666666663
1 0.12939453125 0.29296875 0.0341796875 0.04166666666666663
1 0.05322265625 0.7369791666666666 0.0302734375 0.046875
1 0.0166015625 0.9680989583333333 0.033203125 0.04557291666666663
1 0.23583984375 0.9134114583333334 0.0244140625 0.05859375
1 0.6982421875 0.9303385416666666 0.03125 0.03515625
1 0.0634765625 0.6529947916666667 0.017578125 0.02473958333333337
1 0.12158203125 0.76953125 0.0244140625 0.04427083333333326
