0 0.51611328125 0.16471354166666666 0.2294921875 0.3294270833333333
0 0.501953125 0.6985677083333334 0.27734375 0.5091145833333333
1 0.0244140625 0.043619791666666664 0.048828125 0.08723958333333333
1 0.01806640625 0.6354166666666666 0.0361328125 0.1015625
1 0.02734375 0.8359375 0.03515625 0.07291666666666674
1 0.26513671875 0.7154947916666667 0.0224609375 0.04817708333333337
1 0.31005859375 0.8717447916666667 0.1240234375 0.06901041666666663
1 0.32470703125 0.7727864583333333 0.0380859375 0.05598958333333337
1 0.43798828125 0.3606770833333333 0.1494140625 0.140625
1 0.35693359375 0.259765625 0.0947265625 0.14453125
1 0.37060546875 0.09765625 0.1103515625 0.11458333333333331
1 0.87939453125 0.026041666666666668 0.0595703125 0.052083333333333336
1 0.849609375 0.17513020833333331 0.08984375 0.16796875
1 0.9609375 0.17708333333333334 0.02734375 0.046875
1 0.89794921875 0.466796875 0.1455078125 0.2981770833333333
1 0.77880859375 0.55078125 0.0595703125 0.08854166666666674
1 0.70068359375 0.587890625 0.0380859375 0.07421875
1 0.93017578125 0.759765625 0.1396484375 0.24609375
1 0.01953125 0.14973958333333334 0.0390625 0.046875
1 0.15673828125 0.016276041666666668 0.0341796875 0.032552083333333336
1 0.20751953125 0.021484375 0.0302734375 0.04296875
