1 0.3759765625 0.37890625 0.03125 0.04166666666666663
1 0.4189453125 0.18619791666666669 0.025390625 0.06510416666666666
1 0.359375 0.5755208333333333 0.05078125 0.05208333333333337
1 0.37744140625 0.6380208333333333 0.0244140625 0.03385416666666663
0 0.55029296875 0.49479166666666663 0.0439453125 0.07291666666666669
0 0.5625 0.13997395833333334 0.046875 0.10286458333333333
0 0.5576171875 0.9518229166666667 0.0390625 0.09635416666666663
0 0.01513671875 0.035807291666666664 0.0302734375 0.07161458333333333
1 0.85302734375 0.22981770833333334 0.0185546875 0.03515625
1 0.96826171875 0.22916666666666669 0.0224609375 0.04166666666666666
1 0.9765625 0.11393229166666666 0.03125 0.050781249999999986
