0 0.47265625 0.16796875 0.228515625 0.3359375
1 0.333984375 0.166015625 0.107421875 0.22786458333333334
0 0.4599609375 0.583984375 0.23828125 0.4231770833333333
0 0.46240234375 0.953125 0.2392578125 0.09375
0 0.96142578125 0.11263020833333333 0.0771484375 0.22526041666666666
1 0.10009765625 0.49674479166666663 0.1748046875 0.20703124999999994
1 0.0849609375 0.2265625 0.169921875 0.16927083333333334
1 0.150390625 0.0703125 0.07421875 0.140625
1 0.09765625 0.8307291666666667 0.046875 0.09635416666666663
1 0.044921875 0.8125 0.060546875 0.0859375
1 0.3076171875 0.70703125 0.025390625 0.02864583333333326
1 0.59375 0.8938802083333333 0.123046875 0.14192708333333337
1 0.62890625 0.02734375 0.078125 0.0546875
1 0.68017578125 0.078125 0.0634765625 0.078125
1 0.7373046875 0.11002604166666666 0.0546875 0.09244791666666667
1 0.85986328125 0.13346354166666666 0.0712890625 0.2669270833333333
1 0.65625 0.20052083333333331 0.11328125 0.1953125
1 0.677734375 0.41471354166666663 0.056640625 0.19140624999999994
1 0.80029296875 0.564453125 0.0849609375 0.15234375
1 0.71728515625 0.71484375 0.1298828125 0.28125
1 0.93408203125 0.45052083333333337 0.0791015625 0.16406250000000006
1 0.9560546875 0.3274739583333333 0.087890625 0.18098958333333334
1 0.9677734375 0.625 0.064453125 0.09635416666666674
1 0.8720703125 0.8450520833333334 0.087890625 0.21875
1 0.95703125 0.7962239583333333 0.0859375 0.22786458333333337
1 0.7646484375 0.8958333333333333 0.0234375 0.03645833333333337
1 0.826171875 0.9739583333333334 0.029296875 0.0390625
1 0.7177734375 0.9733072916666667 0.025390625 0.03255208333333337
