0 0.2646484375 0.07421875 0.123046875 0.1484375
0 0.21240234375 0.298828125 0.1416015625 0.22786458333333334
0 0.1220703125 0.6080729166666666 0.185546875 0.3151041666666667
0 0.0771484375 0.9329427083333333 0.154296875 0.13411458333333337
0 0.71923828125 0.078125 0.1318359375 0.15625
0 0.767578125 0.259765625 0.15234375 0.24088541666666666
0 0.85107421875 0.5911458333333333 0.1923828125 0.34635416666666663
0 0.92626953125 0.9205729166666667 0.1474609375 0.15885416666666663
1 0.50830078125 0.138671875 0.0224609375 0.03776041666666667
1 0.46875 0.451171875 0.015625 0.03255208333333337
1 0.51318359375 0.39778645833333337 0.0166015625 0.022135416666666685
1 0.662109375 0.22981770833333331 0.01171875 0.022135416666666657
1 0.45849609375 0.34049479166666663 0.0263671875 0.037760416666666685
1 0.51025390625 0.5397135416666667 0.0244140625 0.02473958333333337
1 0.4921875 0.6764322916666667 0.037109375 0.11067708333333337
1 0.623046875 0.7057291666666666 0.025390625 0.046875
1 0.587890625 0.9231770833333333 0.021484375 0.05208333333333337
1 0.48974609375 0.845703125 0.0263671875 0.04296875
