0 0.4921875 0.18489583333333331 0.22265625 0.3671875
0 0.49609375 0.626953125 0.2421875 0.4231770833333333
0 0.48388671875 0.9772135416666667 0.1767578125 0.04557291666666663
1 0.76416015625 0.0625 0.1572265625 0.125
1 0.78515625 0.24609375 0.142578125 0.1953125
1 0.81640625 0.5638020833333334 0.158203125 0.39843750000000006
1 0.865234375 0.8515625 0.091796875 0.1484375
1 0.951171875 0.6484375 0.078125 0.05729166666666674
1 0.98779296875 0.11653645833333334 0.0244140625 0.050781250000000014
1 0.19775390625 0.055338541666666664 0.1103515625 0.11067708333333333
1 0.0234375 0.08528645833333333 0.046875 0.06380208333333334
1 0.04931640625 0.15559895833333331 0.0498046875 0.04557291666666666
1 0.15283203125 0.39388020833333337 0.1064453125 0.20442708333333331
1 0.18115234375 0.22981770833333331 0.0556640625 0.07421874999999997
1 0.11328125 0.904296875 0.111328125 0.14453125
