0 0.505859375 0.5338541666666666 0.052734375 0.07812499999999994
0 0.5009765625 0.16080729166666666 0.048828125 0.10807291666666667
1 0.3740234375 0.2584635416666667 0.03515625 0.05859375000000003
1 0.45166015625 0.052083333333333336 0.0166015625 0.06510416666666667
1 0.25 0.3424479166666667 0.033203125 0.046875
1 0.2607421875 0.2669270833333333 0.021484375 0.03645833333333334
1 0.25732421875 0.06770833333333333 0.0205078125 0.044270833333333336
1 0.068359375 0.5397135416666666 0.13671875 0.23046874999999994
1 0.15625 0.6920572916666666 0.03515625 0.04296875
1 0.7666015625 0.8209635416666667 0.080078125 0.11848958333333337
1 0.88037109375 0.7682291666666667 0.0341796875 0.05208333333333337
1 0.95703125 0.7506510416666667 0.0390625 0.07161458333333337
1 0.90625 0.671875 0.068359375 0.109375
1 0.95751953125 0.9049479166666667 0.0302734375 0.04166666666666663
1 0.8681640625 0.50390625 0.044921875 0.11458333333333331
1 0.8193359375 0.5227864583333334 0.03515625 0.050781250000000056
1 0.6845703125 0.11588541666666667 0.078125 0.11197916666666666
1 0.79052734375 0.08919270833333334 0.0400390625 0.08203125
1 0.92236328125 0.46484375 0.0419921875 0.04427083333333337
1 0.93798828125 0.24674479166666669 0.0771484375 0.06119791666666666
1 0.30078125 0.7493489583333333 0.021484375 0.02213541666666663
