0 0.45751953125 0.21875 0.1943359375 0.36458333333333337
0 0.4697265625 0.666015625 0.251953125 0.4388020833333333
0 0.9765625 0.064453125 0.046875 0.12890625
1 0.71826171875 0.5130208333333333 0.0849609375 0.12760416666666663
1 0.693359375 0.337890625 0.029296875 0.05859375
1 0.736328125 0.40885416666666663 0.0390625 0.06770833333333331
1 0.91015625 0.3203125 0.091796875 0.11979166666666663
1 0.9736328125 0.474609375 0.052734375 0.06901041666666669
1 0.78955078125 0.7565104166666667 0.1396484375 0.20572916666666663
1 0.96337890625 0.6263020833333334 0.0283203125 0.046875
1 0.94775390625 0.7428385416666667 0.0595703125 0.15755208333333337
1 0.94775390625 0.87109375 0.0751953125 0.06510416666666674
1 0.9267578125 0.95703125 0.052734375 0.078125
1 0.673828125 0.057942708333333336 0.126953125 0.11588541666666667
1 0.8818359375 0.06119791666666667 0.11328125 0.109375
1 0.98876953125 0.33203125 0.0224609375 0.0859375
1 0.9873046875 0.18033854166666666 0.025390625 0.06640625
1 0.78515625 0.5234375 0.037109375 0.07552083333333331
1 0.1259765625 0.626953125 0.052734375 0.06640625
1 0.10009765625 0.7272135416666666 0.0595703125 0.08203125
1 0.1181640625 0.87109375 0.0859375 0.13020833333333326
1 0.06494140625 0.9915364583333333 0.0361328125 0.01692708333333337
1 0.2744140625 0.6608072916666667 0.044921875 0.06380208333333337
1 0.30224609375 0.44856770833333337 0.0498046875 0.07942708333333331
1 0.1337890625 0.35091145833333337 0.09765625 0.20182291666666669
1 0.068359375 0.21028645833333331 0.072265625 0.11328124999999997
