0 0.5078125 0.33268229166666663 0.046875 0.13932291666666669
0 0.51806640625 0.027994791666666668 0.0537109375 0.055989583333333336
0 0.51611328125 0.9075520833333333 0.0576171875 0.15364583333333337
1 0.56591796875 0.2591145833333333 0.0576171875 0.17187499999999997
1 0.83447265625 0.37890625 0.0849609375 0.08333333333333337
1 0.79443359375 0.548828125 0.0478515625 0.06119791666666674
1 0.8291015625 0.6471354166666667 0.046875 0.14322916666666663
1 0.76025390625 0.62890625 0.0712890625 0.05989583333333326
1 0.82763671875 0.8743489583333334 0.0712890625 0.09765625
1 0.86962890625 0.98046875 0.0322265625 0.0390625
1 0.94189453125 0.8470052083333334 0.0322265625 0.07421875
1 0.7216796875 0.83203125 0.078125 0.13541666666666674
1 0.681640625 0.6868489583333333 0.03125 0.04817708333333337
1 0.66943359375 0.6028645833333334 0.0654296875 0.09375
1 0.7626953125 0.41536458333333337 0.037109375 0.044270833333333315
1 0.77099609375 0.22135416666666669 0.0498046875 0.06250000000000003
1 0.10791015625 0.84375 0.2158203125 0.3125
1 0.072265625 0.54296875 0.14453125 0.12239583333333331
1 0.12646484375 0.29557291666666663 0.1650390625 0.20052083333333331
1 0.19873046875 0.057942708333333336 0.0634765625 0.11588541666666667
1 0.0478515625 0.08268229166666667 0.095703125 0.06640625
