0 0.505859375 0.162109375 0.21484375 0.32421875
0 0.484375 0.59375 0.248046875 0.4088541666666667
1 0.564453125 0.9453125 0.251953125 0.109375
1 0.38818359375 0.921875 0.0556640625 0.09895833333333326
1 0.4443359375 0.865234375 0.095703125 0.08203125
1 0.62744140625 0.806640625 0.0615234375 0.14192708333333326
1 0.73095703125 0.904296875 0.0654296875 0.19140625
1 0.802734375 0.8359375 0.103515625 0.17447916666666674
1 0.84912109375 0.6953125 0.1103515625 0.14583333333333326
1 0.89697265625 0.5826822916666666 0.0556640625 0.12109375
1 0.88134765625 0.8776041666666667 0.0361328125 0.05989583333333337
1 0.88134765625 0.498046875 0.0498046875 0.06640625
1 0.8701171875 0.41861979166666663 0.076171875 0.07682291666666669
1 0.990234375 0.26953125 0.01953125 0.0703125
1 0.8115234375 0.2701822916666667 0.23828125 0.21484375000000003
1 0.63818359375 0.4453125 0.0849609375 0.109375
1 0.63525390625 0.62109375 0.0341796875 0.1015625
1 0.626953125 0.2825520833333333 0.03125 0.0390625
1 0.6591796875 0.23502604166666669 0.0234375 0.03776041666666666
1 0.685546875 0.19205729166666666 0.025390625 0.03515625
1 0.6318359375 0.193359375 0.02734375 0.040364583333333315
1 0.720703125 0.076171875 0.052734375 0.09244791666666666
1 0.81005859375 0.045572916666666664 0.0712890625 0.09114583333333333
1 0.3271484375 0.37890625 0.060546875 0.078125
1 0.32568359375 0.224609375 0.0458984375 0.05859375
1 0.30859375 0.13736979166666669 0.0546875 0.07161458333333334
1 0.16162109375 0.09049479166666667 0.0556640625 0.05078125
1 0.11865234375 0.18359375 0.1220703125 0.12760416666666669
1 0.0068359375 0.154296875 0.013671875 0.053385416666666685
1 0.10595703125 0.013671875 0.0302734375 0.02734375
1 0.06201171875 0.31510416666666663 0.0556640625 0.07291666666666669
1 0.08056640625 0.43489583333333337 0.0771484375 0.10677083333333331
1 0.03466796875 0.62109375 0.0634765625 0.09635416666666674
1 0.02587890625 0.955078125 0.0517578125 0.07682291666666674
1 0.2763671875 0.9557291666666667 0.044921875 0.08854166666666663
1 0.236328125 0.6341145833333333 0.078125 0.08072916666666663
1 0.28759765625 0.546875 0.0341796875 0.05989583333333326
1 0.23291015625 0.5208333333333334 0.0419921875 0.06770833333333331
1 0.1279296875 0.33658854166666663 0.017578125 0.037760416666666685
1 0.2578125 0.30859375 0.04296875 0.09375
1 0.14404296875 0.035807291666666664 0.0341796875 0.045572916666666664
1 0.16943359375 0.7356770833333333 0.0478515625 0.06770833333333337
1 0.07666015625 0.7721354166666667 0.1181640625 0.05208333333333337
1 0.03662109375 0.8587239583333334 0.0615234375 0.05859375
