1 0.767578125 0.07421875 0.0859375 0.12239583333333333
1 0.791015625 0.203125 0.107421875 0.09375
1 0.798828125 0.3743489583333333 0.07421875 0.11328125
1 0.82275390625 0.46614583333333337 0.0478515625 0.07552083333333331
1 0.70068359375 0.330078125 0.0498046875 0.08203125
1 0.74169921875 0.4485677083333333 0.0419921875 0.06640625
1 0.205078125 0.68359375 0.087890625 0.125
1 0.2001953125 0.8177083333333333 0.12109375 0.11197916666666663
1 0.02099609375 0.6302083333333333 0.0419921875 0.08333333333333337
1 0.18408203125 0.58984375 0.0322265625 0.04947916666666674
1 0.15283203125 0.9778645833333333 0.0732421875 0.04427083333333337
0 0.46728515625 0.9231770833333334 0.0400390625 0.078125
1 0.4755859375 0.06966145833333333 0.037109375 0.07161458333333334
