0 0.55712890625 0.057942708333333336 0.1689453125 0.11588541666666667
0 0.02734375 0.08528645833333333 0.0546875 0.17057291666666666
0 0.54248046875 0.34049479166666663 0.2177734375 0.32421875
0 0.54345703125 0.7942708333333333 0.2333984375 0.41145833333333337
1 0.29052734375 0.037109375 0.0498046875 0.07421875
1 0.2783203125 0.12369791666666667 0.037109375 0.04427083333333334
1 0.2294921875 0.37434895833333337 0.091796875 0.18098958333333331
1 0.212890625 0.216796875 0.11328125 0.06640625
1 0.0791015625 0.4694010416666667 0.1015625 0.11848958333333337
1 0.142578125 0.658203125 0.080078125 0.07942708333333326
1 0.36279296875 0.45833333333333337 0.0517578125 0.09114583333333331
1 0.19775390625 0.533203125 0.0322265625 0.03776041666666674
1 0.837890625 0.3385416666666667 0.064453125 0.09375
1 0.830078125 0.5455729166666667 0.087890625 0.13020833333333337
1 0.85986328125 0.8756510416666667 0.0791015625 0.24869791666666663
1 0.71630859375 0.8951822916666667 0.0322265625 0.08463541666666663
1 0.7353515625 0.7337239583333333 0.02734375 0.05338541666666663
