0 0.4462890625 0.18294270833333334 0.265625 0.3658854166666667
0 0.46435546875 0.6608072916666666 0.2861328125 0.43359374999999994
0 0.5029296875 0.9817708333333333 0.14453125 0.03645833333333337
1 0.88623046875 0.8561197916666667 0.1689453125 0.25130208333333337
1 0.83203125 0.6341145833333334 0.06640625 0.15625
1 0.64892578125 0.6041666666666666 0.0908203125 0.1015625
1 0.7265625 0.693359375 0.0546875 0.20963541666666674
1 0.6787109375 0.7708333333333333 0.041015625 0.09635416666666663
1 0.6318359375 0.71484375 0.033203125 0.0703125
1 0.6201171875 0.388671875 0.068359375 0.08203125
1 0.69775390625 0.3665364583333333 0.0595703125 0.07421875
1 0.79345703125 0.3092447916666667 0.0517578125 0.10546875
1 0.857421875 0.33203125 0.052734375 0.05989583333333337
1 0.8671875 0.39192708333333337 0.0390625 0.052083333333333315
1 0.861328125 0.5240885416666667 0.16796875 0.13411458333333337
1 0.65380859375 0.22786458333333331 0.1162109375 0.13020833333333334
1 0.7275390625 0.15755208333333334 0.138671875 0.21354166666666669
1 0.625 0.11393229166666666 0.06640625 0.08463541666666667
1 0.6357421875 0.9674479166666667 0.021484375 0.02604166666666663
0 0.97802734375 0.056640625 0.0439453125 0.11328125
1 0.16064453125 0.5514322916666666 0.1123046875 0.12109374999999994
1 0.2177734375 0.6458333333333333 0.06640625 0.13541666666666663
1 0.2734375 0.5149739583333334 0.046875 0.08203125000000006
1 0.296875 0.6770833333333333 0.05078125 0.14583333333333337
1 0.27294921875 0.82421875 0.0869140625 0.13020833333333326
1 0.33642578125 0.8587239583333333 0.0498046875 0.10026041666666663
1 0.29345703125 0.9212239583333334 0.0458984375 0.05078125
1 0.1220703125 0.935546875 0.064453125 0.12890625
1 0.068359375 0.6419270833333333 0.08984375 0.09895833333333337
1 0.015625 0.5071614583333333 0.03125 0.06901041666666663
1 0.2392578125 0.29557291666666663 0.03125 0.06510416666666669
1 0.30419921875 0.32486979166666663 0.0576171875 0.048177083333333315
1 0.2783203125 0.12044270833333333 0.068359375 0.12369791666666666
1 0.302734375 0.020182291666666668 0.03515625 0.040364583333333336
1 0.94482421875 0.38411458333333337 0.0576171875 0.041666666666666685
